       0
0.0162353
0.0305149
0.0258713
0.0207443
0.0186402
0.0163935
0.0153107
0.0136421
0.0146891
0.0143605
0.0147261
0.0135529
0.012617
0.0121146
0.0117889
0.011074
0.0104678
0.00990263
0.00971423
0.00925149
0.00882624
0.00904664
0.00871776
0.00837202
0.00830909
0.00800455
0.00827893
0.00830955
0.00807079
0.0078172
0.00816302
0.00792175
0.0077919
0.00761505
0.00742056
0.0072279
0.00704561
0.00686751
0.00676127
0.00663166
0.00669717
0.00655171
0.00642594
0.0063225
0.00627848
0.00619732
0.00612279
0.00600127
0.00593166
0.00581498
0.00577497
0.00566507
0.0055623
0.00546031
0.00557068
0.00547236
0.00539751
0.00544517
0.00556103
0.00568628
0.0056131
0.00553924
0.00547051
0.00548413
0.00540424
0.00534711
0.00541363
0.0053348
0.00532414
0.0053804
0.00532452
0.00527385
0.00522176
0.00515419
0.00508797
0.00503116
0.00504884
0.00499289
0.00493028
0.00490638
0.00486382
0.00489551
0.00490809
0.00487358
0.00481683
0.00476619
0.00474224
0.00469317
0.00464636
0.00466228
0.0046597
0.00461148
0.00457301
0.0045383
0.00450832
0.0044617
0.00444195
0.00439885
0.00438356
