 3.14465
 3.16089
 3.13185
 3.14612
 3.15148
  3.1437
 3.14824
  3.1425
 3.14056
 3.14874
 3.14329
 3.13658
 3.13701
 3.13569
 3.13272
 3.13597
 3.13605
  3.1368
 3.13665
 3.13418
 3.13464
 3.13495
 3.13167
 3.13266
 3.13307
 3.13516
 3.13554
 3.13855
 3.13626
 3.13709
 3.13668
 3.13973
 3.13934
 3.14062
 3.13976
 3.13921
 3.13961
 3.13922
 3.13896
 3.13991
 3.14062
  3.1389
  3.1385
 3.13793
 3.13721
  3.1383
 3.13749
 3.13831
 3.13807
 3.13885
 3.13876
 3.13784
 3.13788
 3.13807
 3.13804
 3.13652
 3.13658
 3.13705
 3.13828
 3.13677
 3.13521
 3.13475
 3.13517
 3.13472
 3.13369
 3.13389
  3.1344
 3.13315
  3.1331
 3.13227
 3.13345
   3.133
 3.13349
 3.13303
 3.13287
 3.13302
 3.13333
 3.13424
 3.13453
 3.13457
 3.13397
 3.13438
 3.13344
 3.13428
  3.1338
 3.13385
 3.13407
  3.1346
 3.13481
 3.13504
 3.13583
  3.1365
 3.13664
 3.13695
  3.1373
  3.1377
 3.13767
 3.13815
 3.13828
 3.13778
