  15.371
 15.7507
 16.3489
 15.0983
 14.5558
  14.548
 14.3249
  14.601
 14.4928
 14.6316
  14.225
 14.0991
 14.2179
 14.4927
 14.4329
 14.4274
 14.5411
 14.4854
 14.5218
 14.4535
 14.5607
 14.5614
 14.6605
 14.6943
 14.6635
 14.6916
 14.6598
 14.5622
 14.5333
 14.5981
 14.6175
 14.5827
 14.4716
 14.5089
 14.4643
  14.439
 14.5206
  14.642
 14.6632
 14.6457
  14.602
 14.6694
 14.5891
 14.5254
 14.5887
 14.6576
 14.6516
 14.6003
 14.6593
 14.7037
 14.7134
 14.6954
 14.6966
 14.7086
 14.7429
 14.8141
 14.8863
 14.9067
 14.9052
 14.9055
 15.0315
 15.1117
 15.1268
 15.1298
  15.187
 15.1838
 15.2123
 15.1748
 15.1995
 15.2342
 15.2547
 15.2407
 15.2289
 15.2126
 15.2186
 15.2006
 15.1962
 15.2146
 15.2453
 15.2012
 15.1864
 15.1634
  15.157
 15.1158
 15.1091
 15.0985
 15.0735
 15.0925
 15.0637
 15.0605
 15.0314
 15.0501
 15.0421
 15.0413
 15.0316
 15.0153
 15.0179
 15.0301
 15.0408
  15.075
