 19.0211
  17.354
 17.2273
  15.743
 15.0897
 14.9805
 15.1444
 15.1218
 15.5702
 15.5417
  14.964
 14.8225
 14.7515
 14.7345
 14.5619
 14.5193
 14.4332
 14.4364
 14.3439
 14.5429
 14.4571
 14.4148
 14.3168
 14.3815
 14.3635
 14.3596
 14.4794
  14.486
 14.6165
 14.6218
 14.7034
 14.7245
 14.7906
 14.7607
 14.8516
 14.8297
 14.7771
 14.8022
  14.931
  14.997
 14.9564
 14.9449
 14.9186
 14.9037
 14.9269
 14.9148
 14.9337
 14.8267
 14.7877
  14.726
 14.7454
 14.7231
 14.7301
 14.6956
 14.7601
 14.7395
 14.7601
 14.7693
 14.7077
 14.7225
 14.8073
 14.8184
 14.7967
  14.797
 14.8379
 14.8956
 14.8663
 14.7961
 14.7881
 14.7416
 14.7588
 14.7357
  14.725
 14.7185
  14.732
 14.7672
 14.8442
 14.7836
 14.7831
 14.7861
 14.7593
 14.7849
 14.8145
  14.857
 14.8439
 14.8396
 14.8536
 14.8064
 14.8059
 14.7869
 14.7598
 14.7354
 14.7574
 14.7541
 14.7798
 14.7928
 14.7788
 14.7601
 14.7738
 14.7885
