 6.29549
 6.40648
 5.95655
 5.72485
 5.69451
 5.73116
 5.74063
 5.52906
 5.69321
 5.61567
  5.6931
 5.73065
 5.71626
  5.6921
 5.63531
 5.60363
 5.62988
 5.60723
 5.64402
 5.66735
 5.62085
 5.67722
 5.63285
 5.62525
 5.68515
 5.64978
 5.66304
 5.67596
 5.73236
 5.75509
 5.69596
 5.66366
 5.67576
   5.672
 5.66147
  5.6571
 5.60844
 5.59222
  5.5703
 5.56927
  5.5542
 5.53101
 5.52928
 5.53445
 5.52035
 5.51671
 5.50178
 5.50646
 5.48836
 5.46855
  5.4695
 5.46158
 5.44413
 5.48308
 5.47106
 5.46652
 5.46138
 5.47799
  5.4802
 5.46946
  5.4352
 5.41814
 5.40529
 5.39841
   5.388
 5.39307
 5.40002
 5.40755
 5.38585
 5.38781
 5.37824
 5.38187
  5.4074
 5.42916
 5.42613
  5.4312
 5.42936
 5.41639
 5.40199
 5.40718
 5.40881
 5.41016
 5.40284
 5.41406
 5.42291
 5.42657
 5.44584
 5.45188
 5.45588
 5.45502
 5.45274
 5.44577
 5.43587
 5.45116
  5.4544
 5.46042
 5.45856
 5.46143
 5.45733
 5.45162
