 4.85666
 5.79317
 5.95119
 6.02249
 5.87351
 5.91217
 5.78717
   5.936
 5.97077
 5.91287
  6.0236
 5.98822
 5.89349
 5.78583
  5.8531
 5.86905
 5.83111
 5.85724
 5.82828
 5.78414
 5.75251
 5.74178
 5.74891
 5.73642
 5.69782
 5.71856
 5.64821
 5.62284
 5.56708
 5.58419
 5.53391
  5.5416
 5.57094
 5.59332
 5.55319
 5.55602
 5.55973
 5.56183
 5.55444
  5.5506
  5.5325
 5.54416
 5.52011
 5.53898
 5.51814
 5.52671
 5.52025
 5.53831
 5.54052
 5.53184
 5.50644
 5.48787
 5.47513
 5.48309
 5.45102
 5.45392
 5.42985
 5.43139
 5.45189
 5.44655
 5.43938
 5.43279
 5.46542
 5.45674
 5.45712
 5.44399
 5.47677
 5.46764
 5.47373
 5.47127
 5.46829
 5.46884
 5.46127
 5.45617
 5.44687
 5.42587
 5.41792
 5.41911
  5.4137
 5.39465
 5.39367
 5.39696
 5.40309
 5.39609
  5.3915
 5.38598
 5.38281
 5.40745
 5.40172
 5.40779
 5.40793
 5.40769
 5.40426
 5.39979
 5.39905
  5.4038
 5.39889
 5.39451
 5.39308
 5.37682
