           0           0           0
   0.0256496           0           0
   0.0512993           0           0
   0.0769489           0           0
    0.102599           0           0
    0.128248           0           0
    0.153898           0           0
    0.179547           0           0
    0.205197           0           0
    0.230847           0           0
    0.256496           0           0
    0.282146           0           0
    0.307796           0           0
    0.333445           0           0
    0.359095           0           0
    0.384745           0           0
    0.410394           0           0
    0.436044           0           0
    0.461694           0           0
    0.487343           0           0
    0.512993           0           0
    0.538642           0           0
    0.564292           0           0
    0.589942           0           0
    0.615591           0           0
    0.641241           0           0
    0.666891           0           0
     0.69254           0           0
     0.71819           0           0
     0.74384           0           0
    0.769489           0           0
    0.795139           0           0
    0.820788           0           0
    0.846438 1.60481e-05 3.95407e-06
    0.872088  0.00123435 3.62826e-05
    0.897737   0.0242067 0.000180954
    0.923387     0.16535 0.000610456
    0.949037    0.565206  0.00137893
    0.974686     1.20217  0.00206075
     1.00034     1.86502  0.00217218
     1.02599     2.33625  0.00177169
     1.05164     2.55161  0.00162565
     1.07728     2.54877  0.00150267
     1.10293     2.40595  0.00156928
     1.12858     2.19833  0.00170605
     1.15423     1.97219  0.00151657
     1.17988     1.75428  0.00159876
     1.20553     1.55871  0.00152019
     1.23118     1.39038  0.00142415
     1.25683     1.24703  0.00139265
     1.28248     1.12352  0.00125055
     1.30813      1.0243   0.0010019
     1.33378    0.938629 0.000973248
     1.35943    0.872305 0.000945253
     1.38508      0.8168 0.000737652
     1.41073    0.773116 0.000808415
     1.43638    0.737444 0.000741439
     1.46203    0.711082 0.000893435
     1.48768    0.691725 0.000794715
     1.51333    0.678593 0.000952851
     1.53898    0.671263 0.000893794
     1.56463    0.670847 0.000861204
     1.59028     0.67676 0.000825997
     1.61593    0.686439 0.000777684
     1.64158    0.701783 0.000871024
     1.66723    0.723249 0.000858547
     1.69288    0.749609 0.000797616
     1.71853    0.780076 0.000788019
     1.74418    0.815607 0.000812877
     1.76983    0.853449 0.000842399
     1.79547    0.893631 0.000787705
     1.82112    0.935682 0.000781348
     1.84677    0.977469 0.000773091
     1.87242     1.01898 0.000780466
     1.89807     1.05876 0.000773679
     1.92372     1.09607 0.000876593
     1.94937     1.13023  0.00074009
     1.97502     1.16116 0.000752188
     2.00067     1.18622  0.00078027
     2.02632     1.20303  0.00075141
     2.05197      1.2133 0.000760013
     2.07762     1.21534 0.000733223
     2.10327      1.2086 0.000789924
     2.12892     1.19469 0.000739658
     2.15457      1.1759 0.000714778
     2.18022     1.15145 0.000716807
     2.20587     1.12415 0.000733466
     2.23152     1.09556 0.000723552
     2.25717     1.06717  0.00070233
     2.28282     1.03877 0.000668705
     2.30847     1.01118 0.000699387
     2.33412    0.988055  0.00064615
     2.35977    0.965787 0.000621667
     2.38542    0.947517  0.00066067
     2.41107    0.930752 0.000593623
     2.43672    0.917756 0.000613768
     2.46237    0.908287 0.000615962
     2.48802    0.894128  0.00058088
     2.51366    0.885366 0.000581571
     2.53931    0.885599 0.000605468
