           0     35.0269     1.56361
           1     33.0552      1.6724
           2     31.2253     1.60475
           3     29.6184     1.57093
           4     28.1304     1.80813
           5     26.7282     1.96772
           6     25.4958     1.54017
           7      25.192     1.25672
           8     24.3289    0.937089
           9     23.8202     1.01304
          10     23.3363    0.933357
          11     22.8725     0.80199
          12     22.5913     0.81881
          13      22.272     0.67401
          14     21.7532    0.579772
          15     21.4431    0.504662
          16     21.2068    0.504956
          17     20.8733    0.511909
          18     20.6847    0.676423
          19     20.1672    0.796322
          20     19.4531    0.683722
          21     18.9893    0.563879
          22     18.6938    0.780222
          23     18.1685    0.841604
          24     17.6124    0.690183
          25     17.1574     0.44595
          26     17.2658    0.728233
          27     16.7445    0.616347
          28     16.5075    0.535585
          29     16.1621    0.312789
          30     15.9301    0.155495
          31     15.8849    0.163499
          32     15.6771    0.175127
          33     15.5525     0.19169
          34     15.4478    0.137755
          35     15.3832  0.00400165
          36     15.3764   0.0551237
          37     15.3069    0.182744
          38     15.1388    0.286397
          39      14.788    0.417585
          40      14.394    0.309495
          41      14.289    0.280054
          42     14.1011    0.192123
          43     13.9058    0.239722
          44     13.7866    0.249536
          45     13.6088    0.201923
          46     13.5063    0.148284
          47     13.4673    0.187789
          48     13.4455    0.284639
          49     13.4018    0.329761
          50      13.144    0.139413
          51     13.2216    0.255737
          52     13.2449     0.38382
          53     13.2134    0.391045
          54      13.357    0.604919
          55     12.9813   0.0634145
          56     12.9295   0.0602201
          57     12.8712    0.059347
          58     12.8395   0.0825199
          59      12.832    0.128443
          60     12.7581    0.098903
          61     12.6926   0.0426888
          62     12.6748 5.84004e-07
          63     12.6748 5.84004e-07
          64     12.6791   0.0281716
          65     12.6657   0.0380137
          66     12.6826    0.143301
          67     12.6535    0.226523
          68     12.5559    0.181867
          69     12.5945    0.371661
          70     12.4605    0.284264
          71      12.459    0.326858
          72     12.3078    0.239127
          73     12.1639   0.0873264
          74     12.1645    0.105797
          75     12.1196   0.0220995
          76     12.1109   0.0155181
          77     12.0997   0.0255735
          78     12.0848   0.0296083
          79     12.0701   0.0253204
          80     12.0606    0.027423
          81     12.0458   0.0470581
          82     12.0338    0.104003
          83     11.9922   0.0854142
          84     11.9678    0.143193
          85     11.8876   0.0842797
          86     11.9352    0.286442
          87     11.8292     0.21493
          88     11.7575    0.117081
          89     11.6933    0.039036
          90     11.6718   0.0107927
          91     11.6382    0.165447
          92     11.4902    0.385572
          93     11.4963    0.596208
          94     11.3704    0.747321
          95     11.2506    0.802044
          96     10.8717    0.474808
          97      10.803     0.32315
          98     10.7855    0.276548
          99     10.7015   0.0771288
         100     10.6723    0.059547
         101     10.6313   0.0705005
         102     10.6003   0.0701915
         103     10.5388   0.0291617
         104     10.5165   0.0292996
         105     10.5007   0.0164178
         106     10.4955 6.84805e-07
         107     10.4985   0.0128872
         108      10.497   0.0103391
         109     10.4955 6.84805e-07
         110     10.4955 6.84805e-07
         111     10.4955 6.84805e-07
         112     10.4955 6.84805e-07
         113     10.4955 6.84805e-07
         114     10.4955 6.84805e-07
         115     10.4955 6.84805e-07
         116     10.4955 6.84805e-07
         117     10.4955 6.84805e-07
         118     10.4955 6.84805e-07
         119     10.4955 6.84805e-07
         120     10.5193     0.11101
         121     10.4231    0.172957
         122     10.3324    0.252871
         123     10.1949    0.261259
         124     10.0787    0.186039
         125     10.0108   0.0930399
         126     9.97381   0.0119256
         127     9.98763   0.0606121
         128     9.97662   0.0305855
         129     9.97266   0.0190672
         130     9.96972  0.00833258
         131     9.97156  0.00968333
         132     9.96994   0.0069719
         133     9.96852  6.1943e-07
         134     9.96852  6.1943e-07
         135     9.96852  6.1943e-07
         136     9.96852  6.1943e-07
         137     9.96852  6.1943e-07
         138     9.96852  6.1943e-07
         139     9.96852  6.1943e-07
         140     9.96852  6.1943e-07
         141     9.96852  6.1943e-07
         142     9.99255    0.137662
         143     9.96852  6.1943e-07
         144     9.96852  6.1943e-07
         145     9.96852  6.1943e-07
         146     9.96852  6.1943e-07
         147     9.96852  6.1943e-07
         148     9.96852  6.1943e-07
         149     9.96852  6.1943e-07
         150     9.96852  6.1943e-07
         151     9.96852  6.1943e-07
         152     9.96852  6.1943e-07
         153     10.0713    0.302538
         154     10.4603    0.681227
         155     10.3842    0.617664
         156     10.1849    0.465701
         157     10.4363    0.713472
         158     10.1909    0.468905
         159     10.0192    0.192531
         160     9.96852  6.1943e-07
         161     9.96852  6.1943e-07
         162     9.96852  6.1943e-07
         163     9.96852  6.1943e-07
         164     9.96852  6.1943e-07
         165     9.96852  6.1943e-07
         166     9.96852  6.1943e-07
         167     9.96852  6.1943e-07
         168     9.96852  6.1943e-07
         169     9.96852  6.1943e-07
         170     9.96981  0.00906158
         171     9.96852  6.1943e-07
         172     9.96852  6.1943e-07
         173     9.96852  6.1943e-07
         174     9.96852  6.1943e-07
         175     9.96852  6.1943e-07
         176     9.96852  6.1943e-07
         177     9.96852  6.1943e-07
         178     10.0171    0.230655
         179     9.96852  6.1943e-07
         180      10.092    0.413407
         181     9.98553    0.118481
         182     9.97295   0.0431042
         183     9.98181   0.0923534
         184     9.96852  6.1943e-07
         185     9.96852  6.1943e-07
         186     9.96852  6.1943e-07
         187     9.96852  6.1943e-07
         188     9.96932  0.00798317
         189     9.96852  6.1943e-07
         190     9.96852  6.1943e-07
         191     9.96852  6.1943e-07
         192     9.96852  6.1943e-07
         193     9.96852  6.1943e-07
         194     9.96852  6.1943e-07
         195     9.96852  6.1943e-07
         196     9.96852  6.1943e-07
         197     9.96852  6.1943e-07
         198     9.96852  6.1943e-07
         199     9.96852  6.1943e-07
         200     9.96852  6.1943e-07
         201     9.96852  6.1943e-07
         202     9.96852  6.1943e-07
         203     9.96852  6.1943e-07
         204     9.97107   0.0254291
         205     9.96852  6.1943e-07
         206     9.96852  6.1943e-07
         207     9.96852  6.1943e-07
         208     9.96852  6.1943e-07
         209     9.96852  6.1943e-07
         210     9.96852  6.1943e-07
         211     9.96852  6.1943e-07
         212     9.96852  6.1943e-07
         213     9.96852  6.1943e-07
         214     9.96852  6.1943e-07
         215     9.96852  6.1943e-07
         216     9.96852  6.1943e-07
         217     9.96852  6.1943e-07
         218     9.96852  6.1943e-07
         219     9.96852  6.1943e-07
         220     9.96852  6.1943e-07
         221     9.96852  6.1943e-07
         222     9.96852  6.1943e-07
         223     9.96852  6.1943e-07
         224     9.96852  6.1943e-07
         225     9.96852  6.1943e-07
         226     9.96852  6.1943e-07
         227     9.96852  6.1943e-07
         228     9.96852  6.1943e-07
         229     9.96852  6.1943e-07
         230     9.96852  6.1943e-07
         231     9.96852  6.1943e-07
         232     9.96852  6.1943e-07
         233     9.96852  6.1943e-07
         234     9.96852  6.1943e-07
         235     9.96852  6.1943e-07
         236     9.96852  6.1943e-07
         237     9.96852  6.1943e-07
         238     9.96852  6.1943e-07
         239     9.96852  6.1943e-07
         240     9.96852  6.1943e-07
         241     9.96852  6.1943e-07
         242     9.96852  6.1943e-07
         243     9.96852  6.1943e-07
         244     9.96852  6.1943e-07
         245     9.96852  6.1943e-07
         246     9.96852  6.1943e-07
         247     9.96852  6.1943e-07
         248     9.96852  6.1943e-07
         249     9.96852  6.1943e-07
         250     9.97104   0.0251224
         251     9.98933   0.0886215
         252     9.96852  6.1943e-07
         253     9.96852  6.1943e-07
         254     9.96852  6.1943e-07
         255     9.96852  6.1943e-07
         256     9.96852  6.1943e-07
         257     9.96852  6.1943e-07
         258     9.96852  6.1943e-07
         259     9.96852  6.1943e-07
         260     9.96852  6.1943e-07
         261     9.96852  6.1943e-07
         262     9.96852  6.1943e-07
         263     9.96852  6.1943e-07
         264     9.96852  6.1943e-07
         265     9.96852  6.1943e-07
         266     9.96852  6.1943e-07
         267     9.96852  6.1943e-07
         268     9.96852  6.1943e-07
         269     9.96852  6.1943e-07
         270     9.96852  6.1943e-07
         271     9.96852  6.1943e-07
         272     9.96852  6.1943e-07
         273     9.96852  6.1943e-07
         274     9.96852  6.1943e-07
         275     9.96852  6.1943e-07
         276     9.96852  6.1943e-07
         277     9.96852  6.1943e-07
         278     9.96852  6.1943e-07
         279     9.96852  6.1943e-07
         280     9.96852  6.1943e-07
         281     9.96852  6.1943e-07
         282     9.96852  6.1943e-07
         283     9.96852  6.1943e-07
         284     9.96852  6.1943e-07
         285     9.96852  6.1943e-07
         286     9.96852  6.1943e-07
         287     9.96852  6.1943e-07
         288     9.96852  6.1943e-07
         289     9.96852  6.1943e-07
         290     9.96852  6.1943e-07
         291     9.96852  6.1943e-07
         292     9.96852  6.1943e-07
         293     9.96852  6.1943e-07
         294     9.96852  6.1943e-07
         295     9.96852  6.1943e-07
         296     9.96852  6.1943e-07
         297     9.96852  6.1943e-07
         298     9.96852  6.1943e-07
         299     9.96852  6.1943e-07
         300     9.96852  6.1943e-07
         301     9.96852  6.1943e-07
         302     9.96852  6.1943e-07
         303     9.96852  6.1943e-07
         304     9.96852  6.1943e-07
         305     9.96852  6.1943e-07
         306     9.96852  6.1943e-07
         307     9.96852  6.1943e-07
         308     9.96852  6.1943e-07
         309     9.96852  6.1943e-07
         310     9.96852  6.1943e-07
         311     9.96852  6.1943e-07
         312     9.96852  6.1943e-07
         313     9.96852  6.1943e-07
         314     9.96852  6.1943e-07
         315     9.96852  6.1943e-07
         316     9.96852  6.1943e-07
         317     9.96852  6.1943e-07
         318     9.96852  6.1943e-07
         319     9.96852  6.1943e-07
         320     9.96852  6.1943e-07
         321     9.96852  6.1943e-07
         322     9.96852  6.1943e-07
         323     9.96852  6.1943e-07
         324     9.96852  6.1943e-07
         325     9.96852  6.1943e-07
         326     9.96852  6.1943e-07
         327     9.96852  6.1943e-07
         328     9.96852  6.1943e-07
         329     9.96852  6.1943e-07
         330     9.96852  6.1943e-07
         331     9.96852  6.1943e-07
         332     9.96852  6.1943e-07
         333     9.96852  6.1943e-07
         334     9.96852  6.1943e-07
         335     9.96852  6.1943e-07
         336     9.96852  6.1943e-07
         337     9.96852  6.1943e-07
         338     9.96852  6.1943e-07
         339     9.96852  6.1943e-07
         340     9.96852  6.1943e-07
         341     9.96852  6.1943e-07
         342     9.96852  6.1943e-07
         343     9.96852  6.1943e-07
         344     9.96852  6.1943e-07
         345     9.96852  6.1943e-07
         346     9.96852  6.1943e-07
         347     9.96852  6.1943e-07
         348     9.96852  6.1943e-07
         349     9.96852  6.1943e-07
         350     9.96852  6.1943e-07
         351     9.96852  6.1943e-07
         352     9.96852  6.1943e-07
         353     10.0258    0.218989
         354     9.98509   0.0813597
         355     9.99255    0.108979
         356     9.97954   0.0634597
         357     9.96852  6.1943e-07
         358     9.97582   0.0520729
         359     9.96852  6.1943e-07
         360     9.96852  6.1943e-07
         361     9.96852  6.1943e-07
         362     9.96852  6.1943e-07
         363     9.96852  6.1943e-07
         364     9.96852  6.1943e-07
         365     9.96852  6.1943e-07
         366     9.96852  6.1943e-07
         367     9.96852  6.1943e-07
         368     9.96852  6.1943e-07
         369     9.96852  6.1943e-07
         370     9.96852  6.1943e-07
         371     9.96852  6.1943e-07
         372     9.96852  6.1943e-07
         373     9.96852  6.1943e-07
         374     9.96852  6.1943e-07
         375     9.96852  6.1943e-07
         376     9.96852  6.1943e-07
         377     9.96852  6.1943e-07
         378     9.96852  6.1943e-07
         379     9.96852  6.1943e-07
         380     9.96852  6.1943e-07
         381     9.96852  6.1943e-07
         382     9.96852  6.1943e-07
         383     10.0439    0.251537
         384     10.0462    0.236981
         385     9.96852  6.1943e-07
         386     9.96852  6.1943e-07
         387     9.96852  6.1943e-07
         388     9.96852  6.1943e-07
         389     9.96852  6.1943e-07
         390     9.96852  6.1943e-07
         391     9.96852  6.1943e-07
         392     9.96852  6.1943e-07
         393     9.96852  6.1943e-07
         394     9.96852  6.1943e-07
         395     9.96852  6.1943e-07
         396     9.96852  6.1943e-07
         397     9.96852  6.1943e-07
         398     9.96852  6.1943e-07
         399     9.97012   0.0112327
         400     10.0488    0.268262
         401     9.96852  6.1943e-07
         402     9.96852  6.1943e-07
         403     9.96852  6.1943e-07
         404     9.96852  6.1943e-07
         405     9.96852  6.1943e-07
         406     9.96852  6.1943e-07
         407     9.96852  6.1943e-07
         408     9.96852  6.1943e-07
         409     9.96852  6.1943e-07
         410     9.96852  6.1943e-07
         411     9.96852  6.1943e-07
         412     9.96852  6.1943e-07
         413     9.96852  6.1943e-07
         414     9.96852  6.1943e-07
         415     9.96852  6.1943e-07
         416     9.96852  6.1943e-07
         417     9.96852  6.1943e-07
         418     9.96852  6.1943e-07
         419     9.96852  6.1943e-07
         420     9.96852  6.1943e-07
         421     9.96852  6.1943e-07
         422     9.96852  6.1943e-07
         423     9.96852  6.1943e-07
         424     9.96852  6.1943e-07
         425     9.96852  6.1943e-07
         426     9.96852  6.1943e-07
         427     9.96852  6.1943e-07
         428     9.96852  6.1943e-07
         429     9.96852  6.1943e-07
         430     9.96852  6.1943e-07
         431     9.96852  6.1943e-07
         432     9.96852  6.1943e-07
         433     9.96852  6.1943e-07
         434     9.96852  6.1943e-07
         435     9.96852  6.1943e-07
         436     9.97181   0.0293881
         437     9.96852  6.1943e-07
         438     9.96852  6.1943e-07
         439     9.96852  6.1943e-07
         440     9.96852  6.1943e-07
         441     9.96852  6.1943e-07
         442     9.96852  6.1943e-07
         443     9.96852  6.1943e-07
         444     9.96852  6.1943e-07
         445     9.96852  6.1943e-07
         446     9.96852  6.1943e-07
         447     9.96852  6.1943e-07
         448     9.96852  6.1943e-07
         449     9.96852  6.1943e-07
         450     9.96852  6.1943e-07
         451     9.96852  6.1943e-07
         452     9.96852  6.1943e-07
         453     9.96852  6.1943e-07
         454     9.96852  6.1943e-07
         455     9.96852  6.1943e-07
         456     9.96852  6.1943e-07
         457     9.96852  6.1943e-07
         458     9.96852  6.1943e-07
         459     9.96852  6.1943e-07
         460     9.96852  6.1943e-07
         461     9.96907  0.00547917
         462     9.99374    0.144196
         463      9.9695  0.00978938
         464     9.97247   0.0181453
         465      10.031    0.255969
         466      9.9695  0.00978938
         467     9.96852  6.1943e-07
         468     9.96852  6.1943e-07
         469     9.96852  6.1943e-07
         470     9.96852  6.1943e-07
         471     9.96852  6.1943e-07
         472     9.96852  6.1943e-07
         473     9.96852  6.1943e-07
         474     9.96852  6.1943e-07
         475     9.96852  6.1943e-07
         476     9.96852  6.1943e-07
         477     9.96852  6.1943e-07
         478     9.96852  6.1943e-07
         479     9.96852  6.1943e-07
         480     9.96852  6.1943e-07
         481     9.96852  6.1943e-07
         482     9.96852  6.1943e-07
         483     9.96852  6.1943e-07
         484     9.96852  6.1943e-07
         485     9.96852  6.1943e-07
         486     9.96852  6.1943e-07
         487     9.99413    0.131172
         488      9.9761   0.0678724
         489     9.96852  6.1943e-07
         490     9.96852  6.1943e-07
         491     9.96852  6.1943e-07
         492     9.96852  6.1943e-07
         493     9.96852  6.1943e-07
         494     9.96852  6.1943e-07
         495     9.96852  6.1943e-07
         496     9.96887     0.00354
         497     10.0149     0.15727
         498     9.96852  6.1943e-07
         499     10.0148    0.169751
         500     9.96852  6.1943e-07
         501     9.96852  6.1943e-07
         502     9.96852  6.1943e-07
         503     9.96852  6.1943e-07
         504     9.96852  6.1943e-07
         505     9.96852  6.1943e-07
         506     9.96852  6.1943e-07
         507     9.96852  6.1943e-07
         508     9.96932  0.00798317
         509     9.96852  6.1943e-07
         510     9.96852  6.1943e-07
         511     9.96852  6.1943e-07
         512     9.96852  6.1943e-07
         513     9.96852  6.1943e-07
         514     9.96852  6.1943e-07
         515     9.96852  6.1943e-07
         516     9.96852  6.1943e-07
         517     9.96852  6.1943e-07
         518     9.96852  6.1943e-07
         519     9.96852  6.1943e-07
         520     9.96852  6.1943e-07
         521     9.96852  6.1943e-07
         522     9.96852  6.1943e-07
         523     9.96852  6.1943e-07
         524     9.96852  6.1943e-07
         525     9.96852  6.1943e-07
         526     9.96852  6.1943e-07
         527     9.96852  6.1943e-07
         528     9.96852  6.1943e-07
         529     9.96852  6.1943e-07
         530     9.96852  6.1943e-07
         531     9.96852  6.1943e-07
         532     9.96852  6.1943e-07
         533     9.96852  6.1943e-07
         534     9.96852  6.1943e-07
         535     9.96852  6.1943e-07
         536     9.96852  6.1943e-07
         537     9.96852  6.1943e-07
         538      9.9695  0.00978938
         539     9.96852  6.1943e-07
         540     9.96852  6.1943e-07
         541     9.96852  6.1943e-07
         542     9.96852  6.1943e-07
         543     9.96852  6.1943e-07
         544     9.96852  6.1943e-07
         545     9.96852  6.1943e-07
         546     9.96852  6.1943e-07
         547     9.96852  6.1943e-07
         548     9.96852  6.1943e-07
         549     9.96852  6.1943e-07
         550     10.0033    0.188646
         551     10.0065    0.190676
         552     9.99913    0.155885
         553     9.97534   0.0482339
         554      10.099    0.370487
         555     9.98242   0.0689107
         556     9.96852  6.1943e-07
         557     9.96852  6.1943e-07
         558     9.96852  6.1943e-07
         559     9.96852  6.1943e-07
         560     9.96852  6.1943e-07
         561     9.96852  6.1943e-07
         562     9.96852  6.1943e-07
         563     9.96852  6.1943e-07
         564     9.96852  6.1943e-07
         565     9.96852  6.1943e-07
         566     9.96852  6.1943e-07
         567     9.96852  6.1943e-07
         568     9.96852  6.1943e-07
         569     9.96852  6.1943e-07
         570     9.96852  6.1943e-07
         571     9.96852  6.1943e-07
         572     9.96852  6.1943e-07
         573     9.96852  6.1943e-07
         574     9.96852  6.1943e-07
         575     9.96852  6.1943e-07
         576     9.96852  6.1943e-07
         577     9.96852  6.1943e-07
         578     9.96852  6.1943e-07
         579     9.96852  6.1943e-07
         580     9.96852  6.1943e-07
         581     9.96852  6.1943e-07
         582     9.96852  6.1943e-07
         583     9.96852  6.1943e-07
         584     9.96852  6.1943e-07
         585     9.96852  6.1943e-07
         586     9.96852  6.1943e-07
         587     9.96852  6.1943e-07
         588     9.96852  6.1943e-07
         589     9.96852  6.1943e-07
         590     9.96852  6.1943e-07
         591     9.96852  6.1943e-07
         592     9.96852  6.1943e-07
         593     9.96852  6.1943e-07
         594     9.96852  6.1943e-07
         595     9.96852  6.1943e-07
         596     9.96852  6.1943e-07
         597     9.96852  6.1943e-07
         598     9.96852  6.1943e-07
         599     9.96852  6.1943e-07
         600     9.96852  6.1943e-07
         601     9.96852  6.1943e-07
         602     9.96852  6.1943e-07
         603     9.96852  6.1943e-07
         604     10.0391    0.279809
         605     10.0126    0.190305
         606     9.96887  0.00353035
         607     9.96852  6.1943e-07
         608     9.96852  6.1943e-07
         609     9.96852  6.1943e-07
         610     9.96852  6.1943e-07
         611     9.96852  6.1943e-07
         612     9.96852  6.1943e-07
         613     9.96852  6.1943e-07
         614     9.96852  6.1943e-07
         615     9.96852  6.1943e-07
         616     9.96852  6.1943e-07
         617     9.96852  6.1943e-07
         618     9.96852  6.1943e-07
         619     10.0294    0.237713
         620     9.96852  6.1943e-07
         621     9.96852  6.1943e-07
         622     9.96852  6.1943e-07
         623     9.96852  6.1943e-07
         624     9.96852  6.1943e-07
         625     9.96852  6.1943e-07
         626     9.96852  6.1943e-07
         627     9.96852  6.1943e-07
         628     9.96852  6.1943e-07
         629     9.96852  6.1943e-07
         630     9.96852  6.1943e-07
         631     9.96852  6.1943e-07
         632     9.96852  6.1943e-07
         633     9.96852  6.1943e-07
         634     9.96852  6.1943e-07
         635     9.96852  6.1943e-07
         636     9.96852  6.1943e-07
         637     9.96852  6.1943e-07
         638     9.96852  6.1943e-07
         639     9.96852  6.1943e-07
         640     9.96852  6.1943e-07
         641     9.96852  6.1943e-07
         642     9.96852  6.1943e-07
         643     9.96852  6.1943e-07
         644     9.96852  6.1943e-07
         645     9.96852  6.1943e-07
         646     9.96852  6.1943e-07
         647     9.96852  6.1943e-07
         648     9.96852  6.1943e-07
         649     9.96852  6.1943e-07
         650     9.96852  6.1943e-07
         651     9.96852  6.1943e-07
         652     9.96852  6.1943e-07
         653     9.96852  6.1943e-07
         654     9.96852  6.1943e-07
         655     9.98562   0.0970917
         656      9.9695  0.00978938
         657     9.96852  6.1943e-07
         658     9.96852  6.1943e-07
         659     9.96852  6.1943e-07
         660     9.96852  6.1943e-07
         661     9.96852  6.1943e-07
         662     9.96852  6.1943e-07
         663     9.96852  6.1943e-07
         664     9.96852  6.1943e-07
         665     9.96852  6.1943e-07
         666     9.96852  6.1943e-07
         667     9.96852  6.1943e-07
         668     10.0873    0.368365
         669     10.0073    0.164792
         670     10.0193    0.200598
         671      9.9817    0.097134
         672     9.96852  6.1943e-07
         673     9.96852  6.1943e-07
         674     9.96852  6.1943e-07
         675     9.96852  6.1943e-07
         676     9.96852  6.1943e-07
         677     9.96852  6.1943e-07
         678     9.96852  6.1943e-07
         679     9.96852  6.1943e-07
         680     9.96852  6.1943e-07
         681     9.96852  6.1943e-07
         682     9.96852  6.1943e-07
         683     9.96852  6.1943e-07
         684     9.96852  6.1943e-07
         685     9.96852  6.1943e-07
         686     9.96852  6.1943e-07
         687     9.96852  6.1943e-07
         688     9.96852  6.1943e-07
         689     9.96852  6.1943e-07
         690     9.96852  6.1943e-07
         691     9.97443   0.0372044
         692     9.96852  6.1943e-07
         693     9.97673   0.0447849
         694     9.96852  6.1943e-07
         695     9.96852  6.1943e-07
         696     9.96852  6.1943e-07
         697     9.96852  6.1943e-07
         698     9.96852  6.1943e-07
         699     9.96852  6.1943e-07
         700     9.96852  6.1943e-07
         701     9.96852  6.1943e-07
         702     9.96852  6.1943e-07
         703     9.96852  6.1943e-07
         704     9.96852  6.1943e-07
         705     9.96852  6.1943e-07
         706     9.96852  6.1943e-07
         707     9.96852  6.1943e-07
         708     9.96852  6.1943e-07
         709     9.96852  6.1943e-07
         710     9.96852  6.1943e-07
         711     9.98816   0.0878307
         712     9.96852  6.1943e-07
         713     10.0689     0.31232
         714     9.96852  6.1943e-07
         715     9.96852  6.1943e-07
         716     9.96852  6.1943e-07
         717     9.96852  6.1943e-07
         718     9.96852  6.1943e-07
         719     9.96852  6.1943e-07
         720     9.96852  6.1943e-07
         721     9.96852  6.1943e-07
         722     9.96852  6.1943e-07
         723     9.96852  6.1943e-07
         724     9.96852  6.1943e-07
         725     9.96852  6.1943e-07
         726     9.96852  6.1943e-07
         727     9.96852  6.1943e-07
         728     9.96852  6.1943e-07
         729     9.96852  6.1943e-07
         730     9.96852  6.1943e-07
         731      10.015    0.203791
         732     9.96852  6.1943e-07
         733     9.96852  6.1943e-07
         734     9.96852  6.1943e-07
         735     9.96852  6.1943e-07
         736     9.96852  6.1943e-07
         737     9.96852  6.1943e-07
         738     9.96852  6.1943e-07
         739     9.96852  6.1943e-07
         740     9.96852  6.1943e-07
         741     9.96852  6.1943e-07
         742     9.96852  6.1943e-07
         743     9.96852  6.1943e-07
         744     9.96852  6.1943e-07
         745     9.96852  6.1943e-07
         746     9.96852  6.1943e-07
         747     9.96852  6.1943e-07
         748     9.96852  6.1943e-07
         749     10.0035    0.153406
         750     9.97677   0.0556037
         751     9.96852  6.1943e-07
         752     9.96852  6.1943e-07
         753     9.96852  6.1943e-07
         754     9.96852  6.1943e-07
         755     9.96852  6.1943e-07
         756     9.96852  6.1943e-07
         757     9.98967    0.108501
         758     9.96852  6.1943e-07
         759     9.96852  6.1943e-07
         760     9.96852  6.1943e-07
         761     9.96948  0.00813261
         762     9.96852  6.1943e-07
         763     9.96852  6.1943e-07
         764     9.96852  6.1943e-07
         765     9.96852  6.1943e-07
         766     9.96852  6.1943e-07
         767     9.96852  6.1943e-07
         768     9.96852  6.1943e-07
         769     10.0068    0.154146
         770     9.99373    0.126643
         771     9.98396   0.0908594
         772     9.96852  6.1943e-07
         773     9.96852  6.1943e-07
         774     9.96852  6.1943e-07
         775     9.96852  6.1943e-07
         776     9.96852  6.1943e-07
         777     9.96852  6.1943e-07
         778     9.96852  6.1943e-07
         779     9.96852  6.1943e-07
         780     9.96852  6.1943e-07
         781     9.96852  6.1943e-07
         782     9.96852  6.1943e-07
         783     9.96852  6.1943e-07
         784     9.96852  6.1943e-07
         785     9.96852  6.1943e-07
         786     9.96852  6.1943e-07
         787     9.96852  6.1943e-07
         788     9.96852  6.1943e-07
         789     9.96852  6.1943e-07
         790     9.96852  6.1943e-07
         791     9.96852  6.1943e-07
         792     9.96852  6.1943e-07
         793     9.96852  6.1943e-07
         794     9.96852  6.1943e-07
         795     9.96852  6.1943e-07
         796     9.96852  6.1943e-07
         797     9.96852  6.1943e-07
         798     9.96852  6.1943e-07
         799     9.96852  6.1943e-07
         800     9.96852  6.1943e-07
         801     9.96852  6.1943e-07
         802     9.96852  6.1943e-07
         803     9.96852  6.1943e-07
         804     9.96852  6.1943e-07
         805     9.96852  6.1943e-07
         806     9.96852  6.1943e-07
         807     9.96852  6.1943e-07
         808     9.96852  6.1943e-07
         809     9.96852  6.1943e-07
         810     9.96852  6.1943e-07
         811     9.96852  6.1943e-07
         812     9.96852  6.1943e-07
         813     9.96852  6.1943e-07
         814     9.96852  6.1943e-07
         815     9.96852  6.1943e-07
         816     9.96852  6.1943e-07
         817     9.96852  6.1943e-07
         818     9.96852  6.1943e-07
         819     9.96852  6.1943e-07
         820     9.96852  6.1943e-07
         821     9.96852  6.1943e-07
         822     9.96852  6.1943e-07
         823     9.96852  6.1943e-07
         824     9.96852  6.1943e-07
         825     9.96852  6.1943e-07
         826     9.96852  6.1943e-07
         827     9.96852  6.1943e-07
         828     9.96852  6.1943e-07
         829     9.96852  6.1943e-07
         830     9.96852  6.1943e-07
         831     9.96852  6.1943e-07
         832     9.96852  6.1943e-07
         833     9.96852  6.1943e-07
         834     9.96852  6.1943e-07
         835     9.96852  6.1943e-07
         836     9.96852  6.1943e-07
         837     9.96852  6.1943e-07
         838     9.96852  6.1943e-07
         839     9.96852  6.1943e-07
         840     9.96852  6.1943e-07
         841     9.96852  6.1943e-07
         842     9.96852  6.1943e-07
         843     9.96852  6.1943e-07
         844     9.96852  6.1943e-07
         845     9.96852  6.1943e-07
         846     9.96852  6.1943e-07
         847     9.96852  6.1943e-07
         848     9.96852  6.1943e-07
         849     9.96852  6.1943e-07
         850     9.96852  6.1943e-07
         851     9.96852  6.1943e-07
         852     9.96852  6.1943e-07
         853     9.96852  6.1943e-07
         854     9.96852  6.1943e-07
         855     9.96852  6.1943e-07
         856     9.96852  6.1943e-07
         857     9.96852  6.1943e-07
         858     9.96852  6.1943e-07
         859     9.96852  6.1943e-07
         860     9.96852  6.1943e-07
         861     9.96852  6.1943e-07
         862     9.96852  6.1943e-07
         863     9.96852  6.1943e-07
         864     9.96852  6.1943e-07
         865     9.96852  6.1943e-07
         866     9.96852  6.1943e-07
         867     9.96852  6.1943e-07
         868     9.96852  6.1943e-07
         869     9.96852  6.1943e-07
         870     9.96852  6.1943e-07
         871     9.96852  6.1943e-07
         872     9.96852  6.1943e-07
         873     9.96852  6.1943e-07
         874     9.96852  6.1943e-07
         875     9.96852  6.1943e-07
         876     9.96852  6.1943e-07
         877     9.96852  6.1943e-07
         878     9.96852  6.1943e-07
         879     9.96852  6.1943e-07
         880     9.96852  6.1943e-07
         881     9.96852  6.1943e-07
         882     9.96852  6.1943e-07
         883     9.96852  6.1943e-07
         884     9.96852  6.1943e-07
         885     9.96852  6.1943e-07
         886     9.96852  6.1943e-07
         887     9.96852  6.1943e-07
         888     9.96852  6.1943e-07
         889     9.96852  6.1943e-07
         890     9.96852  6.1943e-07
         891     9.96852  6.1943e-07
         892     9.96852  6.1943e-07
         893     9.96852  6.1943e-07
         894     9.96852  6.1943e-07
         895     9.96852  6.1943e-07
         896     9.96852  6.1943e-07
         897     9.96852  6.1943e-07
         898     9.96852  6.1943e-07
         899     9.96852  6.1943e-07
         900     9.96852  6.1943e-07
         901     9.96852  6.1943e-07
         902     9.96852  6.1943e-07
         903     9.96852  6.1943e-07
         904     9.96852  6.1943e-07
         905     9.96852  6.1943e-07
         906     9.96852  6.1943e-07
         907     9.96852  6.1943e-07
         908     9.96852  6.1943e-07
         909     9.96852  6.1943e-07
         910     9.97212   0.0319741
         911     9.96852  6.1943e-07
         912     9.96852  6.1943e-07
         913     9.96852  6.1943e-07
         914     9.99177    0.132398
         915     9.96852  6.1943e-07
         916     9.96852  6.1943e-07
         917     9.96852  6.1943e-07
         918     9.96852  6.1943e-07
         919     9.96852  6.1943e-07
         920     9.96852  6.1943e-07
         921     9.96852  6.1943e-07
         922     9.96852  6.1943e-07
         923     9.96852  6.1943e-07
         924     9.97162   0.0292391
         925     9.96939  0.00624005
         926     9.96852  6.1943e-07
         927     9.96852  6.1943e-07
         928     9.96852  6.1943e-07
         929     9.96852  6.1943e-07
         930     9.96852  6.1943e-07
         931     9.96852  6.1943e-07
         932     9.96852  6.1943e-07
         933     9.96852  6.1943e-07
         934     9.96852  6.1943e-07
         935     9.96852  6.1943e-07
         936     9.96852  6.1943e-07
         937     9.96852  6.1943e-07
         938     9.96852  6.1943e-07
         939     9.96852  6.1943e-07
         940     9.96852  6.1943e-07
         941     9.96852  6.1943e-07
         942     9.96852  6.1943e-07
         943     9.96852  6.1943e-07
         944     9.98012   0.0756815
         945     9.96852  6.1943e-07
         946     9.96852  6.1943e-07
         947     9.96852  6.1943e-07
         948     9.96852  6.1943e-07
         949     9.96852  6.1943e-07
         950     9.96852  6.1943e-07
         951     9.96852  6.1943e-07
         952     9.96852  6.1943e-07
         953     9.96852  6.1943e-07
         954     9.96852  6.1943e-07
         955     9.96852  6.1943e-07
         956     9.96852  6.1943e-07
         957     9.96852  6.1943e-07
         958     9.96852  6.1943e-07
         959     9.99039    0.122903
         960     9.96852  6.1943e-07
         961     9.96852  6.1943e-07
         962     9.96852  6.1943e-07
         963     9.96852  6.1943e-07
         964     9.96852  6.1943e-07
         965     9.96852  6.1943e-07
         966     9.96852  6.1943e-07
         967     9.96852  6.1943e-07
         968     9.96852  6.1943e-07
         969     9.96852  6.1943e-07
         970     9.96852  6.1943e-07
         971     9.96852  6.1943e-07
         972     9.97193   0.0200973
         973     9.96852  6.1943e-07
         974     9.96852  6.1943e-07
         975     9.96852  6.1943e-07
         976     9.96852  6.1943e-07
         977     9.96852  6.1943e-07
         978     9.96852  6.1943e-07
         979     9.96852  6.1943e-07
         980     9.96852  6.1943e-07
         981     9.96852  6.1943e-07
         982     9.96852  6.1943e-07
         983     9.96852  6.1943e-07
         984     9.96852  6.1943e-07
         985     9.96852  6.1943e-07
         986     9.96852  6.1943e-07
         987     9.96852  6.1943e-07
         988     9.96852  6.1943e-07
         989     10.0169     0.18287
         990     9.98956    0.104688
         991     10.0424    0.271197
         992     9.96852  6.1943e-07
         993     9.96852  6.1943e-07
         994     9.96852  6.1943e-07
         995     9.96852  6.1943e-07
         996     9.96852  6.1943e-07
         997     9.96852  6.1943e-07
         998     9.96852  6.1943e-07
         999     9.96852  6.1943e-07
        1000     9.96852  6.1943e-07
