           0     40.5831     2.58059
           1      37.332     2.21193
           2     35.6328     1.87713
           3     33.7798     1.57636
           4     33.0885     1.78438
           5     31.6741     1.57921
           6     30.3834     1.44544
           7     28.8975    0.975494
           8     29.3742     1.18368
           9     28.4372     1.22367
          10     27.7099    0.995551
          11     27.0962    0.925428
          12      26.354     1.21526
          13     26.3536     1.32776
          14     25.5629      1.3117
          15     24.1885     1.34665
          16     22.9992     1.53288
          17     21.3096     1.14834
          18     20.9109     1.02717
          19     20.4989    0.871472
          20     20.1455    0.977108
          21      20.074     1.04643
          22     19.3056    0.545308
          23     19.2408    0.509663
          24     18.9125    0.213992
          25     18.8498    0.464266
          26     18.5291    0.647099
          27     18.0257    0.850242
          28      16.993    0.761375
          29     16.2504    0.635756
          30     15.9842    0.538277
          31     15.8296    0.515518
          32     15.5483    0.447754
          33     15.2541    0.580904
          34     14.9282    0.591089
          35     14.9063    0.702198
          36      14.736    0.618614
          37     14.4933    0.530255
          38      14.605    0.702074
          39     14.5848    0.789376
          40     14.0836    0.726768
          41     14.0291    0.799286
          42     13.7719    0.716905
          43     14.1408     1.21987
          44     13.6536     1.12302
          45     13.3892     1.12408
          46     12.6684     0.10852
          47      12.601    0.154441
          48     12.4417    0.236318
          49     12.2415    0.154546
          50     12.1818  0.00335434
          51      12.378     0.59927
          52     12.3474    0.823199
          53     11.8387    0.608383
          54     11.4695    0.579895
          55     11.6717    0.913305
          56     11.2075    0.515547
          57     10.9972   0.0406925
          58     10.9789   0.0539764
          59     10.9302    0.101233
          60      10.846    0.139676
          61      10.848    0.451869
          62      10.754    0.600266
          63     10.4181    0.864452
          64     10.1128     1.03883
          65     9.50935    0.567411
          66     9.28331    0.356907
          67     9.17235   0.0806898
          68     9.14331 2.92002e-07
          69     9.14331 2.92002e-07
          70     9.14331 2.92002e-07
          71     9.14331 2.92002e-07
          72     9.14331 2.92002e-07
          73     9.13808   0.0366218
          74     9.08576     0.10836
          75     8.98466    0.126615
          76     8.88172 3.37175e-07
          77     8.88172 3.37175e-07
          78     8.88172 3.37175e-07
          79     8.88172 3.37175e-07
          80     8.88172 3.37175e-07
          81     8.54955    0.582276
          82     8.04982    0.678107
          83     7.59232    0.394631
          84     7.33677    0.112463
          85     7.27655 3.47552e-07
          86     7.27655 3.47552e-07
          87     7.27655 3.47552e-07
          88     7.27216   0.0307545
          89      7.2641   0.0978896
          90     7.54843    0.713907
          91     8.01982      1.0701
          92     7.97049     1.09402
          93       7.645     0.88689
          94     8.02921     1.21917
          95     8.10097     1.38221
          96     7.62603     1.05335
          97     7.68134     1.05489
          98     7.03024   0.0714053
          99     7.01088  0.00938924
         100     7.00896 1.88486e-07
         101     7.00896 1.88486e-07
         102     7.00896 1.88486e-07
         103     7.00896 1.88486e-07
         104     7.00896 1.88486e-07
         105     7.21721    0.571506
         106      7.1893    0.559284
         107     7.00476    0.150911
         108     7.40918    0.853398
         109     6.92624    0.115638
         110     6.88429   0.0799921
         111     6.79395    0.114323
         112     6.63798    0.195618
         113     6.45725    0.141831
         114     6.35674    0.087439
         115     6.30978   0.0678754
         116     6.29338   0.0496257
         117     6.33972    0.165904
         118      6.4324    0.413203
         119     6.28051   0.0193165
         120     6.27408 1.19209e-07
         121     6.35274     0.20423
         122     6.27408 1.19209e-07
         123     6.27408 1.19209e-07
         124     6.27408 1.19209e-07
         125     6.27408 1.19209e-07
         126     6.27408 1.19209e-07
         127     6.27408 1.19209e-07
         128     6.27408 1.19209e-07
         129     6.27408 1.19209e-07
         130     6.27408 1.19209e-07
         131     6.52759    0.645623
         132     6.27408 1.19209e-07
         133     6.27408 1.19209e-07
         134     6.27408 1.19209e-07
         135     6.32775    0.219693
         136     6.27408 1.19209e-07
         137     6.27408 1.19209e-07
         138     6.29212   0.0886477
         139     6.28245   0.0586397
         140     6.32669    0.241598
         141     6.32372    0.178088
         142     6.54001    0.545698
         143     7.75415     1.47587
         144     7.33684     1.27923
         145     6.76655    0.916227
         146     6.44352    0.473515
         147     6.41167    0.419657
         148     6.36597    0.331488
         149      6.3167    0.295655
         150     6.34014    0.351057
         151     6.27959     0.15143
         152     6.31443    0.253196
         153     6.24867 3.86282e-07
         154     6.24867 3.86282e-07
         155     6.24867 3.86282e-07
         156     6.24867 3.86282e-07
         157     6.24867 3.86282e-07
         158     6.24867 3.86282e-07
         159     6.24867 3.86282e-07
         160     6.24867 3.86282e-07
         161     6.24867 3.86282e-07
         162     6.24867 3.86282e-07
         163     6.24867 3.86282e-07
         164     6.24867 3.86282e-07
         165     6.24867 3.86282e-07
         166     6.24867 3.86282e-07
         167     6.24867 3.86282e-07
         168     6.24867 3.86282e-07
         169     6.24867 3.86282e-07
         170     6.24867 3.86282e-07
         171     6.24867 3.86282e-07
         172     6.24867 3.86282e-07
         173     6.24867 3.86282e-07
         174     6.24867 3.86282e-07
         175     6.24867 3.86282e-07
         176     6.24867 3.86282e-07
         177     6.24867 3.86282e-07
         178     6.24867 3.86282e-07
         179     6.24867 3.86282e-07
         180     6.24867 3.86282e-07
         181     6.24867 3.86282e-07
         182     6.24867 3.86282e-07
         183     6.24867 3.86282e-07
         184     6.24867 3.86282e-07
         185     6.24867 3.86282e-07
         186     6.24867 3.86282e-07
         187     6.47436    0.558863
         188     6.59389    0.808708
         189     6.24867 3.86282e-07
         190     6.29687    0.246433
         191     6.25383   0.0361158
         192     6.24867 3.86282e-07
         193     6.26462    0.111646
         194     6.24867 3.86282e-07
         195     6.24867 3.86282e-07
         196     6.24867 3.86282e-07
         197     6.24867 3.86282e-07
         198     6.24867 3.86282e-07
         199     6.24867 3.86282e-07
         200     6.24867 3.86282e-07
         201     6.24867 3.86282e-07
         202     6.24867 3.86282e-07
         203     6.24867 3.86282e-07
         204     6.24867 3.86282e-07
         205     6.24867 3.86282e-07
         206     6.24867 3.86282e-07
         207     6.24867 3.86282e-07
         208     6.24867 3.86282e-07
         209     6.24867 3.86282e-07
         210     6.24867 3.86282e-07
         211     6.24867 3.86282e-07
         212     6.24867 3.86282e-07
         213     6.24867 3.86282e-07
         214     6.25774   0.0635297
         215     6.53466    0.684132
         216     6.24867 3.86282e-07
         217     6.34142    0.315597
         218     6.24867 3.86282e-07
         219     6.24867 3.86282e-07
         220     6.24867 3.86282e-07
         221     6.24867 3.86282e-07
         222     6.24867 3.86282e-07
         223     6.24867 3.86282e-07
         224     6.24867 3.86282e-07
         225     6.24867 3.86282e-07
         226     6.24867 3.86282e-07
         227     6.24867 3.86282e-07
         228     6.24867 3.86282e-07
         229     6.24867 3.86282e-07
         230     6.24867 3.86282e-07
         231     6.24867 3.86282e-07
         232     6.24867 3.86282e-07
         233     6.24867 3.86282e-07
         234     6.24867 3.86282e-07
         235     6.24867 3.86282e-07
         236     6.24867 3.86282e-07
         237     6.24867 3.86282e-07
         238     6.24867 3.86282e-07
         239     6.24867 3.86282e-07
         240     6.36407    0.358865
         241     6.24867 3.86282e-07
         242     6.24867 3.86282e-07
         243     6.31692    0.231456
         244     6.28686    0.168116
         245     6.24867 3.86282e-07
         246     6.24867 3.86282e-07
         247     6.24867 3.86282e-07
         248     6.24867 3.86282e-07
         249     6.24867 3.86282e-07
         250     6.24867 3.86282e-07
         251     6.24867 3.86282e-07
         252     6.24867 3.86282e-07
         253     6.24867 3.86282e-07
         254     6.24867 3.86282e-07
         255     6.24867 3.86282e-07
         256     6.42746    0.496873
         257     6.28293    0.239812
         258     6.24867 3.86282e-07
         259     6.24867 3.86282e-07
         260     6.24867 3.86282e-07
         261     6.24867 3.86282e-07
         262     6.24907  0.00278409
         263     6.24867 3.86282e-07
         264     6.24946  0.00389692
         265     6.24867 3.86282e-07
         266     6.24867 3.86282e-07
         267     6.24867 3.86282e-07
         268     6.24867 3.86282e-07
         269     6.24867 3.86282e-07
         270     6.24867 3.86282e-07
         271     6.24867 3.86282e-07
         272     6.24867 3.86282e-07
         273     6.24867 3.86282e-07
         274     6.24867 3.86282e-07
         275     6.24867 3.86282e-07
         276     6.24867 3.86282e-07
         277     6.24867 3.86282e-07
         278     6.24867 3.86282e-07
         279     6.24867 3.86282e-07
         280     6.24867 3.86282e-07
         281     6.24867 3.86282e-07
         282     6.24867 3.86282e-07
         283     6.24867 3.86282e-07
         284     6.24867 3.86282e-07
         285     6.28212    0.163901
         286     6.24867 3.86282e-07
         287     6.24867 3.86282e-07
         288     6.24867 3.86282e-07
         289     6.24867 3.86282e-07
         290     6.24867 3.86282e-07
         291     6.24867 3.86282e-07
         292     6.24867 3.86282e-07
         293     6.39369    0.417652
         294      6.3637    0.359106
         295      6.4359    0.463822
         296     6.24867 3.86282e-07
         297     6.24867 3.86282e-07
         298     6.24867 3.86282e-07
         299     6.24867 3.86282e-07
         300     6.24867 3.86282e-07
         301     6.24867 3.86282e-07
         302     6.24867 3.86282e-07
         303     6.24867 3.86282e-07
         304     6.24867 3.86282e-07
         305     6.24867 3.86282e-07
         306     6.24867 3.86282e-07
         307     6.24867 3.86282e-07
         308     6.24867 3.86282e-07
         309     6.24867 3.86282e-07
         310     6.24867 3.86282e-07
         311     6.24867 3.86282e-07
         312     6.24867 3.86282e-07
         313     6.24867 3.86282e-07
         314     6.24867 3.86282e-07
         315     6.24867 3.86282e-07
         316     6.24867 3.86282e-07
         317     6.24867 3.86282e-07
         318     6.24867 3.86282e-07
         319     6.24867 3.86282e-07
         320     6.24867 3.86282e-07
         321     6.24867 3.86282e-07
         322     6.24867 3.86282e-07
         323     6.24867 3.86282e-07
         324     6.25397   0.0370942
         325     6.28748    0.158862
         326     6.24867 3.86282e-07
         327     6.24867 3.86282e-07
         328     6.24867 3.86282e-07
         329     6.24867 3.86282e-07
         330     6.24867 3.86282e-07
         331     6.26987    0.103886
         332     6.24867 3.86282e-07
         333     6.24867 3.86282e-07
         334     6.24867 3.86282e-07
         335     6.24867 3.86282e-07
         336     6.24867 3.86282e-07
         337     6.24867 3.86282e-07
         338     6.34073    0.285657
         339     6.24867 3.86282e-07
         340     6.39769    0.452146
         341     6.28919    0.160806
         342     6.24867 3.86282e-07
         343     6.24867 3.86282e-07
         344     6.24867 3.86282e-07
         345     6.24867 3.86282e-07
         346     6.24867 3.86282e-07
         347     6.24867 3.86282e-07
         348     6.24867 3.86282e-07
         349     6.24867 3.86282e-07
         350     6.24867 3.86282e-07
         351     6.24867 3.86282e-07
         352     6.24867 3.86282e-07
         353     6.24867 3.86282e-07
         354     6.24867 3.86282e-07
         355     6.24867 3.86282e-07
         356     6.47742    0.613118
         357     6.67222    0.912384
         358     6.63446    0.928435
         359     6.62263    0.815648
         360     6.61039    0.851218
         361     7.04656     1.32299
         362     6.27432    0.125658
         363     6.30594    0.195999
         364     6.32373    0.269826
         365     6.27478    0.131638
         366      6.3417    0.264466
         367     6.38985    0.409888
         368     6.24867 3.86282e-07
         369     6.24867 3.86282e-07
         370     6.24867 3.86282e-07
         371     6.24867 3.86282e-07
         372     6.24867 3.86282e-07
         373     6.24867 3.86282e-07
         374     6.24867 3.86282e-07
         375     6.24867 3.86282e-07
         376     6.32809    0.235064
         377     6.24867 3.86282e-07
         378     6.25271   0.0283237
         379     6.24867 3.86282e-07
         380     6.24867 3.86282e-07
         381     6.24867 3.86282e-07
         382     6.24867 3.86282e-07
         383     6.24867 3.86282e-07
         384     6.24867 3.86282e-07
         385     6.24867 3.86282e-07
         386     6.24867 3.86282e-07
         387     6.24867 3.86282e-07
         388     6.24867 3.86282e-07
         389     6.24867 3.86282e-07
         390     6.24867 3.86282e-07
         391     6.24867 3.86282e-07
         392     6.24867 3.86282e-07
         393     6.24867 3.86282e-07
         394     6.24867 3.86282e-07
         395     6.24867 3.86282e-07
         396     6.24867 3.86282e-07
         397     6.24867 3.86282e-07
         398       6.267   0.0866021
         399     6.24867 3.86282e-07
         400     6.24867 3.86282e-07
         401     6.24867 3.86282e-07
         402     6.24867 3.86282e-07
         403     6.24867 3.86282e-07
         404     6.24867 3.86282e-07
         405     6.24867 3.86282e-07
         406     6.24867 3.86282e-07
         407     6.24867 3.86282e-07
         408     6.24867 3.86282e-07
         409     6.24867 3.86282e-07
         410     6.24867 3.86282e-07
         411     6.24867 3.86282e-07
         412     6.24867 3.86282e-07
         413     6.24867 3.86282e-07
         414     6.24867 3.86282e-07
         415     6.24867 3.86282e-07
         416     6.24867 3.86282e-07
         417     6.24867 3.86282e-07
         418     6.24867 3.86282e-07
         419     6.24867 3.86282e-07
         420     6.24867 3.86282e-07
         421     6.24867 3.86282e-07
         422     6.24867 3.86282e-07
         423     6.24867 3.86282e-07
         424     6.24867 3.86282e-07
         425     6.24867 3.86282e-07
         426     6.24867 3.86282e-07
         427     6.24867 3.86282e-07
         428     6.24867 3.86282e-07
         429     6.24867 3.86282e-07
         430     6.41914    0.517939
         431     6.24867 3.86282e-07
         432     6.24867 3.86282e-07
         433     6.24867 3.86282e-07
         434     6.24867 3.86282e-07
         435     6.24867 3.86282e-07
         436     6.24867 3.86282e-07
         437     6.24867 3.86282e-07
         438     6.24867 3.86282e-07
         439     6.24867 3.86282e-07
         440     6.24867 3.86282e-07
         441     6.24867 3.86282e-07
         442     6.24867 3.86282e-07
         443     6.24867 3.86282e-07
         444     6.24867 3.86282e-07
         445     6.24867 3.86282e-07
         446     6.24867 3.86282e-07
         447     6.24867 3.86282e-07
         448     6.24867 3.86282e-07
         449     6.24867 3.86282e-07
         450     6.24867 3.86282e-07
         451     6.24867 3.86282e-07
         452     6.27411    0.176254
         453     6.34582    0.302251
         454     6.26196   0.0694692
         455     6.24867 3.86282e-07
         456     6.24867 3.86282e-07
         457     6.24867 3.86282e-07
         458     6.24867 3.86282e-07
         459     6.24867 3.86282e-07
         460     6.24867 3.86282e-07
         461     6.24867 3.86282e-07
         462     6.24867 3.86282e-07
         463     6.24867 3.86282e-07
         464      6.2808    0.116487
         465     6.24867 3.86282e-07
         466     6.52808    0.635677
         467     6.24867 3.86282e-07
         468     6.24867 3.86282e-07
         469     6.24867 3.86282e-07
         470     6.24867 3.86282e-07
         471     6.24867 3.86282e-07
         472     6.24867 3.86282e-07
         473     6.24867 3.86282e-07
         474     6.24867 3.86282e-07
         475     6.24867 3.86282e-07
         476     6.24867 3.86282e-07
         477     6.24867 3.86282e-07
         478      6.2545   0.0408273
         479     6.24867 3.86282e-07
         480     6.24867 3.86282e-07
         481     6.24867 3.86282e-07
         482     6.24867 3.86282e-07
         483     6.24867 3.86282e-07
         484     6.24867 3.86282e-07
         485     6.24867 3.86282e-07
         486      6.2545   0.0408273
         487     6.24867 3.86282e-07
         488     6.24867 3.86282e-07
         489     6.24867 3.86282e-07
         490     6.24867 3.86282e-07
         491     6.24867 3.86282e-07
         492     6.24867 3.86282e-07
         493     6.24867 3.86282e-07
         494     6.31189    0.216388
         495     6.24867 3.86282e-07
         496     6.24867 3.86282e-07
         497     6.24867 3.86282e-07
         498     6.24867 3.86282e-07
         499     6.27891    0.151343
         500     6.24963    0.006708
         501     6.24963    0.006708
         502     6.29555    0.182931
         503     6.29883    0.206386
         504     6.24867 3.86282e-07
         505     6.25383   0.0361158
         506     6.25383   0.0361158
         507     6.24867 3.86282e-07
         508     6.24867 3.86282e-07
         509     6.24867 3.86282e-07
         510     6.24867 3.86282e-07
         511     6.24867 3.86282e-07
         512     6.24867 3.86282e-07
         513     6.24867 3.86282e-07
         514     6.24867 3.86282e-07
         515     6.24867 3.86282e-07
         516     6.24867 3.86282e-07
         517     6.24867 3.86282e-07
         518     6.25849   0.0482013
         519     6.24867 3.86282e-07
         520     6.24867 3.86282e-07
         521     6.24867 3.86282e-07
         522     6.24867 3.86282e-07
         523     6.24867 3.86282e-07
         524     6.24867 3.86282e-07
         525     6.24867 3.86282e-07
         526     6.24867 3.86282e-07
         527     6.24867 3.86282e-07
         528     6.24867 3.86282e-07
         529     6.24867 3.86282e-07
         530     6.24867 3.86282e-07
         531     6.31066    0.229189
         532     6.39655    0.422858
         533     6.24867 3.86282e-07
         534     6.24867 3.86282e-07
         535     6.24867 3.86282e-07
         536     6.24867 3.86282e-07
         537     6.27357    0.146356
         538     6.24867 3.86282e-07
         539     6.24867 3.86282e-07
         540     6.24867 3.86282e-07
         541     6.24867 3.86282e-07
         542     6.24867 3.86282e-07
         543     6.24867 3.86282e-07
         544     6.24867 3.86282e-07
         545     6.24867 3.86282e-07
         546     6.24867 3.86282e-07
         547     6.24867 3.86282e-07
         548     6.24867 3.86282e-07
         549     6.24867 3.86282e-07
         550     6.24867 3.86282e-07
         551     6.24867 3.86282e-07
         552     6.24867 3.86282e-07
         553     6.24867 3.86282e-07
         554     6.24867 3.86282e-07
         555     6.24867 3.86282e-07
         556     6.24867 3.86282e-07
         557     6.24867 3.86282e-07
         558     6.24867 3.86282e-07
         559     6.24867 3.86282e-07
         560     6.24867 3.86282e-07
         561     6.24867 3.86282e-07
         562     6.27012    0.105603
         563     6.24867 3.86282e-07
         564     6.27943    0.144129
         565     6.37664     0.38468
         566     6.57389    0.597837
         567     6.32417     0.22899
         568     6.24867 3.86282e-07
         569     6.24867 3.86282e-07
         570     6.24867 3.86282e-07
         571     6.24867 3.86282e-07
         572     6.24867 3.86282e-07
         573     6.24867 3.86282e-07
         574     6.24867 3.86282e-07
         575     6.24867 3.86282e-07
         576     6.24867 3.86282e-07
         577     6.24867 3.86282e-07
         578     6.24867 3.86282e-07
         579     6.24867 3.86282e-07
         580     6.24867 3.86282e-07
         581     6.24867 3.86282e-07
         582     6.29485    0.210572
         583     6.24867 3.86282e-07
         584     6.24867 3.86282e-07
         585     6.24867 3.86282e-07
         586     6.24867 3.86282e-07
         587     6.24867 3.86282e-07
         588     6.26563    0.118707
         589     6.24867 3.86282e-07
         590     6.24867 3.86282e-07
         591     6.24867 3.86282e-07
         592     6.24867 3.86282e-07
         593     6.24867 3.86282e-07
         594     6.24867 3.86282e-07
         595     6.24867 3.86282e-07
         596     6.24867 3.86282e-07
         597     6.24867 3.86282e-07
         598     6.24867 3.86282e-07
         599     6.24867 3.86282e-07
         600     6.24867 3.86282e-07
         601     6.24867 3.86282e-07
         602     6.24867 3.86282e-07
         603     6.24867 3.86282e-07
         604     6.24867 3.86282e-07
         605     6.24867 3.86282e-07
         606     6.24867 3.86282e-07
         607     6.24867 3.86282e-07
         608     6.24867 3.86282e-07
         609     6.24867 3.86282e-07
         610     6.24867 3.86282e-07
         611     6.24867 3.86282e-07
         612     6.24867 3.86282e-07
         613     6.24867 3.86282e-07
         614     6.24867 3.86282e-07
         615     6.40159    0.422591
         616     6.24867 3.86282e-07
         617     6.39367    0.391628
         618     6.35869    0.345885
         619     6.24867 3.86282e-07
         620     6.24867 3.86282e-07
         621     6.24867 3.86282e-07
         622     6.24867 3.86282e-07
         623     6.24867 3.86282e-07
         624     6.24867 3.86282e-07
         625     6.24867 3.86282e-07
         626     6.24867 3.86282e-07
         627     6.24867 3.86282e-07
         628     6.24867 3.86282e-07
         629     6.24867 3.86282e-07
         630     6.24867 3.86282e-07
         631     6.25397   0.0371002
         632     6.24867 3.86282e-07
         633     6.24867 3.86282e-07
         634     6.24867 3.86282e-07
         635     6.24867 3.86282e-07
         636     6.31083    0.257943
         637     6.24867 3.86282e-07
         638     6.26967   0.0918291
         639     6.29902    0.172938
         640     6.30936     0.21439
         641     6.24867 3.86282e-07
         642     6.24867 3.86282e-07
         643     6.24867 3.86282e-07
         644     6.24867 3.86282e-07
         645     6.24867 3.86282e-07
         646     6.24867 3.86282e-07
         647     6.24867 3.86282e-07
         648     6.24867 3.86282e-07
         649     6.24867 3.86282e-07
         650     6.24867 3.86282e-07
         651     6.31213    0.221707
         652     6.24867 3.86282e-07
         653     6.24867 3.86282e-07
         654     6.24867 3.86282e-07
         655     6.24867 3.86282e-07
         656     6.24867 3.86282e-07
         657     6.24867 3.86282e-07
         658     6.24867 3.86282e-07
         659     6.24867 3.86282e-07
         660     6.24867 3.86282e-07
         661     6.24867 3.86282e-07
         662     6.24867 3.86282e-07
         663     6.24867 3.86282e-07
         664     6.24867 3.86282e-07
         665     6.24867 3.86282e-07
         666     6.24867 3.86282e-07
         667     6.24867 3.86282e-07
         668     6.24867 3.86282e-07
         669     6.24867 3.86282e-07
         670     6.24867 3.86282e-07
         671     6.24867 3.86282e-07
         672     6.28592    0.184425
         673     6.51455    0.678315
         674     6.24867 3.86282e-07
         675     6.24867 3.86282e-07
         676     6.24867 3.86282e-07
         677     6.24867 3.86282e-07
         678      6.2555   0.0383994
         679     6.24867 3.86282e-07
         680     6.24867 3.86282e-07
         681     6.24867 3.86282e-07
         682     6.24867 3.86282e-07
         683     6.24867 3.86282e-07
         684     6.24867 3.86282e-07
         685     6.24867 3.86282e-07
         686     6.24867 3.86282e-07
         687     6.24867 3.86282e-07
         688     6.24867 3.86282e-07
         689     6.24867 3.86282e-07
         690     6.24867 3.86282e-07
         691     6.24867 3.86282e-07
         692     6.24867 3.86282e-07
         693     6.24867 3.86282e-07
         694     6.24867 3.86282e-07
         695     6.24867 3.86282e-07
         696     6.24867 3.86282e-07
         697     6.24867 3.86282e-07
         698     6.24867 3.86282e-07
         699     6.24867 3.86282e-07
         700     6.24867 3.86282e-07
         701     6.24867 3.86282e-07
         702     6.24867 3.86282e-07
         703     6.24867 3.86282e-07
         704     6.24867 3.86282e-07
         705     6.24867 3.86282e-07
         706     6.24867 3.86282e-07
         707     6.44615    0.450676
         708     6.31915    0.240858
         709     6.24867 3.86282e-07
         710     6.24867 3.86282e-07
         711     6.39202    0.390249
         712     6.24867 3.86282e-07
         713     6.24867 3.86282e-07
         714     6.24867 3.86282e-07
         715     6.24867 3.86282e-07
         716     6.24867 3.86282e-07
         717     6.24867 3.86282e-07
         718     6.24867 3.86282e-07
         719     6.24867 3.86282e-07
         720     6.24867 3.86282e-07
         721     6.24867 3.86282e-07
         722     6.24867 3.86282e-07
         723     6.24867 3.86282e-07
         724     6.24867 3.86282e-07
         725     6.24867 3.86282e-07
         726     6.31287    0.202315
         727     6.24867 3.86282e-07
         728     6.24867 3.86282e-07
         729     6.24867 3.86282e-07
         730     6.24867 3.86282e-07
         731     6.24867 3.86282e-07
         732     6.24867 3.86282e-07
         733     6.24867 3.86282e-07
         734     6.24867 3.86282e-07
         735     6.24867 3.86282e-07
         736     6.24867 3.86282e-07
         737     6.24867 3.86282e-07
         738     6.24867 3.86282e-07
         739     6.24867 3.86282e-07
         740     6.24867 3.86282e-07
         741     6.24867 3.86282e-07
         742     6.24867 3.86282e-07
         743     6.24867 3.86282e-07
         744     6.24867 3.86282e-07
         745     6.24867 3.86282e-07
         746     6.24867 3.86282e-07
         747     6.24867 3.86282e-07
         748     6.24867 3.86282e-07
         749     6.24867 3.86282e-07
         750     6.45334    0.533855
         751     6.47002    0.526259
         752     6.71263    0.887931
         753     6.24963    0.006708
         754     6.24867 3.86282e-07
         755     6.24867 3.86282e-07
         756     6.24867 3.86282e-07
         757     6.24867 3.86282e-07
         758     6.24867 3.86282e-07
         759     6.24867 3.86282e-07
         760     6.24867 3.86282e-07
         761     6.24867 3.86282e-07
         762     6.24867 3.86282e-07
         763     6.24867 3.86282e-07
         764     6.39583    0.449015
         765     6.24867 3.86282e-07
         766     6.30669    0.276609
         767     6.24867 3.86282e-07
         768     6.30168    0.183241
         769     6.24867 3.86282e-07
         770     6.24867 3.86282e-07
         771     6.24867 3.86282e-07
         772     6.24867 3.86282e-07
         773     6.24867 3.86282e-07
         774     6.24867 3.86282e-07
         775     6.24867 3.86282e-07
         776     6.24867 3.86282e-07
         777     6.24867 3.86282e-07
         778     6.24867 3.86282e-07
         779     6.24867 3.86282e-07
         780     6.24867 3.86282e-07
         781     6.24867 3.86282e-07
         782     6.24867 3.86282e-07
         783     6.24867 3.86282e-07
         784     6.24867 3.86282e-07
         785     6.24867 3.86282e-07
         786     6.24867 3.86282e-07
         787     6.24867 3.86282e-07
         788     6.24867 3.86282e-07
         789     6.24867 3.86282e-07
         790     6.24867 3.86282e-07
         791     6.24867 3.86282e-07
         792     6.24867 3.86282e-07
         793     6.24867 3.86282e-07
         794     6.24867 3.86282e-07
         795     6.29363    0.206312
         796     6.71751    0.845529
         797     6.30644    0.207019
         798     6.29673    0.136001
         799     6.29716    0.152041
         800     6.84993     1.03635
         801     6.63898    0.848745
         802     6.24867 3.86282e-07
         803     6.27025    0.092586
         804     6.24867 3.86282e-07
         805     6.24867 3.86282e-07
         806     6.24867 3.86282e-07
         807     6.24867 3.86282e-07
         808     6.24867 3.86282e-07
         809     6.24867 3.86282e-07
         810     6.24867 3.86282e-07
         811     6.24918  0.00355706
         812     6.24867 3.86282e-07
         813     6.36743    0.283492
         814      6.3504    0.282331
         815     6.24867 3.86282e-07
         816     6.24867 3.86282e-07
         817     6.24867 3.86282e-07
         818     6.24867 3.86282e-07
         819     6.24867 3.86282e-07
         820     6.24867 3.86282e-07
         821     6.24867 3.86282e-07
         822     6.27223    0.115406
         823     6.24867 3.86282e-07
         824     6.24867 3.86282e-07
         825     6.25667   0.0412874
         826     6.24867 3.86282e-07
         827     6.24867 3.86282e-07
         828     6.24867 3.86282e-07
         829     6.24867 3.86282e-07
         830     6.24867 3.86282e-07
         831     6.24867 3.86282e-07
         832     6.24867 3.86282e-07
         833     6.24867 3.86282e-07
         834     6.24867 3.86282e-07
         835     6.24867 3.86282e-07
         836     6.24867 3.86282e-07
         837     6.24867 3.86282e-07
         838     6.24867 3.86282e-07
         839     6.24867 3.86282e-07
         840     6.24867 3.86282e-07
         841     6.24867 3.86282e-07
         842     6.24867 3.86282e-07
         843     6.24867 3.86282e-07
         844     6.24867 3.86282e-07
         845     6.24867 3.86282e-07
         846     6.24867 3.86282e-07
         847     6.24867 3.86282e-07
         848     6.30052    0.209917
         849     6.24867 3.86282e-07
         850     6.24867 3.86282e-07
         851     6.38345    0.423285
         852     6.24867 3.86282e-07
         853     6.24867 3.86282e-07
         854     6.24867 3.86282e-07
         855     6.24867 3.86282e-07
         856     6.24867 3.86282e-07
         857     6.24867 3.86282e-07
         858     6.24867 3.86282e-07
         859     6.24867 3.86282e-07
         860     6.24867 3.86282e-07
         861     6.24867 3.86282e-07
         862     6.24867 3.86282e-07
         863     6.24867 3.86282e-07
         864     6.24867 3.86282e-07
         865     6.24867 3.86282e-07
         866     6.24867 3.86282e-07
         867     6.24867 3.86282e-07
         868     6.24867 3.86282e-07
         869     6.24867 3.86282e-07
         870     6.24867 3.86282e-07
         871     6.25459   0.0352466
         872      6.2783    0.171263
         873     6.28035    0.136897
         874     6.25967   0.0571763
         875     6.24867 3.86282e-07
         876     6.24867 3.86282e-07
         877     6.24867 3.86282e-07
         878     6.24867 3.86282e-07
         879     6.24867 3.86282e-07
         880     6.25485   0.0432535
         881     6.26001   0.0557804
         882     6.24867 3.86282e-07
         883     6.24867 3.86282e-07
         884     6.24867 3.86282e-07
         885     6.24867 3.86282e-07
         886     6.24867 3.86282e-07
         887     6.24867 3.86282e-07
         888     6.24867 3.86282e-07
         889     6.24867 3.86282e-07
         890     6.24867 3.86282e-07
         891     6.24867 3.86282e-07
         892     6.24867 3.86282e-07
         893     6.24867 3.86282e-07
         894     6.24867 3.86282e-07
         895     6.24867 3.86282e-07
         896     6.24867 3.86282e-07
         897     6.24867 3.86282e-07
         898     6.24867 3.86282e-07
         899     6.24867 3.86282e-07
         900     6.24867 3.86282e-07
         901     6.24867 3.86282e-07
         902     6.24867 3.86282e-07
         903     6.24867 3.86282e-07
         904     6.24867 3.86282e-07
         905     6.24867 3.86282e-07
         906     6.24867 3.86282e-07
         907     6.25774   0.0635297
         908     6.24867 3.86282e-07
         909     6.24867 3.86282e-07
         910     6.24867 3.86282e-07
         911     6.24867 3.86282e-07
         912     6.24867 3.86282e-07
         913     6.24867 3.86282e-07
         914     6.24867 3.86282e-07
         915     6.24867 3.86282e-07
         916     6.24867 3.86282e-07
         917     6.24867 3.86282e-07
         918     6.25243   0.0263663
         919     6.24867 3.86282e-07
         920     6.35923    0.309173
         921     6.27898    0.120887
         922     6.24867 3.86282e-07
         923     6.24867 3.86282e-07
         924     6.24867 3.86282e-07
         925     6.24867 3.86282e-07
         926     6.24867 3.86282e-07
         927     6.27107    0.105622
         928     6.40348    0.311861
         929     6.44969    0.399637
         930      6.2981    0.170985
         931     6.41966    0.376628
         932     6.40268      0.3871
         933     6.27375     0.11559
         934     6.27375     0.11559
         935     6.24867 3.86282e-07
         936     6.24867 3.86282e-07
         937     6.24867 3.86282e-07
         938     6.24867 3.86282e-07
         939     6.24867 3.86282e-07
         940     6.24867 3.86282e-07
         941     6.24867 3.86282e-07
         942     6.24867 3.86282e-07
         943     6.24867 3.86282e-07
         944     6.24867 3.86282e-07
         945     6.24867 3.86282e-07
         946     6.24867 3.86282e-07
         947     6.24867 3.86282e-07
         948     6.24867 3.86282e-07
         949     6.24867 3.86282e-07
         950     6.24867 3.86282e-07
         951      6.2502   0.0106902
         952     6.24867 3.86282e-07
         953     6.24867 3.86282e-07
         954     6.24867 3.86282e-07
         955     6.24867 3.86282e-07
         956     6.24867 3.86282e-07
         957     6.24867 3.86282e-07
         958     6.27522    0.128041
         959     6.26644   0.0909511
         960     6.40547    0.369659
         961     6.25479   0.0401434
         962     6.24867 3.86282e-07
         963     6.24867 3.86282e-07
         964     6.24867 3.86282e-07
         965      6.2815    0.140273
         966     6.34719    0.276238
         967     6.28019    0.185854
         968     6.24867 3.86282e-07
         969     6.24867 3.86282e-07
         970     6.24867 3.86282e-07
         971     6.24867 3.86282e-07
         972     6.33028    0.275043
         973     6.32399    0.265013
         974     6.33723    0.290108
         975     6.24867 3.86282e-07
         976      6.9002      1.1104
         977     6.41571    0.461273
         978     6.24867 3.86282e-07
         979     6.24867 3.86282e-07
         980     6.24867 3.86282e-07
         981     6.24867 3.86282e-07
         982     6.24867 3.86282e-07
         983     6.24867 3.86282e-07
         984     6.24867 3.86282e-07
         985     6.24867 3.86282e-07
         986     6.24867 3.86282e-07
         987     6.24867 3.86282e-07
         988     6.24867 3.86282e-07
         989     6.24867 3.86282e-07
         990     6.24867 3.86282e-07
         991     6.24867 3.86282e-07
         992     6.24867 3.86282e-07
         993     6.24867 3.86282e-07
         994     6.24867 3.86282e-07
         995     6.56277     0.73583
         996     6.24867 3.86282e-07
         997     6.24867 3.86282e-07
         998     6.24867 3.86282e-07
         999     6.24867 3.86282e-07
        1000     6.25046   0.0125638
