           0     34.5049
           1     33.2348
           2     30.3269
           3     30.0971
           4     28.1031
           5     28.1031
           6     27.9055
           7     27.9055
           8     26.6586
           9     26.5919
          10     26.5919
          11     24.4113
          12     24.4113
          13     23.4103
          14     21.3362
          15      21.096
          16     19.6505
          17     19.6505
          18     18.9983
          19     18.9983
          20     18.9502
          21     18.9983
          22     18.9983
          23     18.7542
          24     17.9095
          25     17.9095
          26     16.8228
          27     15.5918
          28     15.5918
          29     15.5918
          30     15.5918
          31     14.3662
          32     14.3662
          33     14.3662
          34     14.3662
          35      14.364
          36     13.7803
          37     13.2921
          38     13.2921
          39     13.2921
          40     12.6608
          41     12.6608
          42     12.6608
          43     12.6608
          44     12.6608
          45     12.6608
          46     12.1859
          47     12.1859
          48     12.1807
          49     12.1807
          50     12.1641
          51     11.1341
          52      10.986
          53      10.986
          54      10.986
          55      10.986
          56      10.986
          57      10.951
          58     10.6825
          59     10.6825
          60     10.6825
          61     9.40865
          62     9.14331
          63     9.14331
          64     9.14331
          65     9.14331
          66     9.14331
          67     9.14331
          68     9.14331
          69     9.14331
          70     9.14331
          71     9.14331
          72     9.14331
          73     8.88172
          74     8.88172
          75     8.88172
          76     8.88172
          77     8.88172
          78     8.88172
          79     8.88172
          80     8.88172
          81     7.27655
          82     7.27655
          83     7.27655
          84     7.27655
          85     7.27655
          86     7.27655
          87     7.27655
          88     7.05688
          89     7.05688
          90     7.00896
          91     7.05688
          92     7.05688
          93     7.00896
          94     7.00896
          95     7.00896
          96     7.00896
          97     7.00896
          98     7.00896
          99     7.00896
         100     7.00896
         101     7.00896
         102     7.00896
         103     7.00896
         104     7.00896
         105     7.00896
         106     6.83206
         107     6.83206
         108     6.83206
         109     6.83206
         110     6.83206
         111     6.45098
         112     6.27408
         113     6.27408
         114     6.27408
         115     6.27408
         116     6.27408
         117     6.27408
         118     6.27408
         119     6.27408
         120     6.27408
         121     6.27408
         122     6.27408
         123     6.27408
         124     6.27408
         125     6.27408
         126     6.27408
         127     6.27408
         128     6.27408
         129     6.27408
         130     6.27408
         131     6.27408
         132     6.27408
         133     6.27408
         134     6.27408
         135     6.27408
         136     6.27408
         137     6.27408
         138     6.27408
         139     6.27408
         140     6.27408
         141     6.24867
         142     6.24867
         143     6.24867
         144     6.24867
         145     6.24867
         146     6.24867
         147     6.24867
         148     6.24867
         149     6.24867
         150     6.24867
         151     6.24867
         152     6.24867
         153     6.24867
         154     6.24867
         155     6.24867
         156     6.24867
         157     6.24867
         158     6.24867
         159     6.24867
         160     6.24867
         161     6.24867
         162     6.24867
         163     6.24867
         164     6.24867
         165     6.24867
         166     6.24867
         167     6.24867
         168     6.24867
         169     6.24867
         170     6.24867
         171     6.24867
         172     6.24867
         173     6.24867
         174     6.24867
         175     6.24867
         176     6.24867
         177     6.24867
         178     6.24867
         179     6.24867
         180     6.24867
         181     6.24867
         182     6.24867
         183     6.24867
         184     6.24867
         185     6.24867
         186     6.24867
         187     6.24867
         188     6.24867
         189     6.24867
         190     6.24867
         191     6.24867
         192     6.24867
         193     6.24867
         194     6.24867
         195     6.24867
         196     6.24867
         197     6.24867
         198     6.24867
         199     6.24867
         200     6.24867
         201     6.24867
         202     6.24867
         203     6.24867
         204     6.24867
         205     6.24867
         206     6.24867
         207     6.24867
         208     6.24867
         209     6.24867
         210     6.24867
         211     6.24867
         212     6.24867
         213     6.24867
         214     6.24867
         215     6.24867
         216     6.24867
         217     6.24867
         218     6.24867
         219     6.24867
         220     6.24867
         221     6.24867
         222     6.24867
         223     6.24867
         224     6.24867
         225     6.24867
         226     6.24867
         227     6.24867
         228     6.24867
         229     6.24867
         230     6.24867
         231     6.24867
         232     6.24867
         233     6.24867
         234     6.24867
         235     6.24867
         236     6.24867
         237     6.24867
         238     6.24867
         239     6.24867
         240     6.24867
         241     6.24867
         242     6.24867
         243     6.24867
         244     6.24867
         245     6.24867
         246     6.24867
         247     6.24867
         248     6.24867
         249     6.24867
         250     6.24867
         251     6.24867
         252     6.24867
         253     6.24867
         254     6.24867
         255     6.24867
         256     6.24867
         257     6.24867
         258     6.24867
         259     6.24867
         260     6.24867
         261     6.24867
         262     6.24867
         263     6.24867
         264     6.24867
         265     6.24867
         266     6.24867
         267     6.24867
         268     6.24867
         269     6.24867
         270     6.24867
         271     6.24867
         272     6.24867
         273     6.24867
         274     6.24867
         275     6.24867
         276     6.24867
         277     6.24867
         278     6.24867
         279     6.24867
         280     6.24867
         281     6.24867
         282     6.24867
         283     6.24867
         284     6.24867
         285     6.24867
         286     6.24867
         287     6.24867
         288     6.24867
         289     6.24867
         290     6.24867
         291     6.24867
         292     6.24867
         293     6.24867
         294     6.24867
         295     6.24867
         296     6.24867
         297     6.24867
         298     6.24867
         299     6.24867
         300     6.24867
         301     6.24867
         302     6.24867
         303     6.24867
         304     6.24867
         305     6.24867
         306     6.24867
         307     6.24867
         308     6.24867
         309     6.24867
         310     6.24867
         311     6.24867
         312     6.24867
         313     6.24867
         314     6.24867
         315     6.24867
         316     6.24867
         317     6.24867
         318     6.24867
         319     6.24867
         320     6.24867
         321     6.24867
         322     6.24867
         323     6.24867
         324     6.24867
         325     6.24867
         326     6.24867
         327     6.24867
         328     6.24867
         329     6.24867
         330     6.24867
         331     6.24867
         332     6.24867
         333     6.24867
         334     6.24867
         335     6.24867
         336     6.24867
         337     6.24867
         338     6.24867
         339     6.24867
         340     6.24867
         341     6.24867
         342     6.24867
         343     6.24867
         344     6.24867
         345     6.24867
         346     6.24867
         347     6.24867
         348     6.24867
         349     6.24867
         350     6.24867
         351     6.24867
         352     6.24867
         353     6.24867
         354     6.24867
         355     6.24867
         356     6.24867
         357     6.24867
         358     6.24867
         359     6.24867
         360     6.24867
         361     6.24867
         362     6.24867
         363     6.24867
         364     6.24867
         365     6.24867
         366     6.24867
         367     6.24867
         368     6.24867
         369     6.24867
         370     6.24867
         371     6.24867
         372     6.24867
         373     6.24867
         374     6.24867
         375     6.24867
         376     6.24867
         377     6.24867
         378     6.24867
         379     6.24867
         380     6.24867
         381     6.24867
         382     6.24867
         383     6.24867
         384     6.24867
         385     6.24867
         386     6.24867
         387     6.24867
         388     6.24867
         389     6.24867
         390     6.24867
         391     6.24867
         392     6.24867
         393     6.24867
         394     6.24867
         395     6.24867
         396     6.24867
         397     6.24867
         398     6.24867
         399     6.24867
         400     6.24867
         401     6.24867
         402     6.24867
         403     6.24867
         404     6.24867
         405     6.24867
         406     6.24867
         407     6.24867
         408     6.24867
         409     6.24867
         410     6.24867
         411     6.24867
         412     6.24867
         413     6.24867
         414     6.24867
         415     6.24867
         416     6.24867
         417     6.24867
         418     6.24867
         419     6.24867
         420     6.24867
         421     6.24867
         422     6.24867
         423     6.24867
         424     6.24867
         425     6.24867
         426     6.24867
         427     6.24867
         428     6.24867
         429     6.24867
         430     6.24867
         431     6.24867
         432     6.24867
         433     6.24867
         434     6.24867
         435     6.24867
         436     6.24867
         437     6.24867
         438     6.24867
         439     6.24867
         440     6.24867
         441     6.24867
         442     6.24867
         443     6.24867
         444     6.24867
         445     6.24867
         446     6.24867
         447     6.24867
         448     6.24867
         449     6.24867
         450     6.24867
         451     6.24867
         452     6.24867
         453     6.24867
         454     6.24867
         455     6.24867
         456     6.24867
         457     6.24867
         458     6.24867
         459     6.24867
         460     6.24867
         461     6.24867
         462     6.24867
         463     6.24867
         464     6.24867
         465     6.24867
         466     6.24867
         467     6.24867
         468     6.24867
         469     6.24867
         470     6.24867
         471     6.24867
         472     6.24867
         473     6.24867
         474     6.24867
         475     6.24867
         476     6.24867
         477     6.24867
         478     6.24867
         479     6.24867
         480     6.24867
         481     6.24867
         482     6.24867
         483     6.24867
         484     6.24867
         485     6.24867
         486     6.24867
         487     6.24867
         488     6.24867
         489     6.24867
         490     6.24867
         491     6.24867
         492     6.24867
         493     6.24867
         494     6.24867
         495     6.24867
         496     6.24867
         497     6.24867
         498     6.24867
         499     6.24867
         500     6.24867
         501     6.24867
         502     6.24867
         503     6.24867
         504     6.24867
         505     6.24867
         506     6.24867
         507     6.24867
         508     6.24867
         509     6.24867
         510     6.24867
         511     6.24867
         512     6.24867
         513     6.24867
         514     6.24867
         515     6.24867
         516     6.24867
         517     6.24867
         518     6.24867
         519     6.24867
         520     6.24867
         521     6.24867
         522     6.24867
         523     6.24867
         524     6.24867
         525     6.24867
         526     6.24867
         527     6.24867
         528     6.24867
         529     6.24867
         530     6.24867
         531     6.24867
         532     6.24867
         533     6.24867
         534     6.24867
         535     6.24867
         536     6.24867
         537     6.24867
         538     6.24867
         539     6.24867
         540     6.24867
         541     6.24867
         542     6.24867
         543     6.24867
         544     6.24867
         545     6.24867
         546     6.24867
         547     6.24867
         548     6.24867
         549     6.24867
         550     6.24867
         551     6.24867
         552     6.24867
         553     6.24867
         554     6.24867
         555     6.24867
         556     6.24867
         557     6.24867
         558     6.24867
         559     6.24867
         560     6.24867
         561     6.24867
         562     6.24867
         563     6.24867
         564     6.24867
         565     6.24867
         566     6.24867
         567     6.24867
         568     6.24867
         569     6.24867
         570     6.24867
         571     6.24867
         572     6.24867
         573     6.24867
         574     6.24867
         575     6.24867
         576     6.24867
         577     6.24867
         578     6.24867
         579     6.24867
         580     6.24867
         581     6.24867
         582     6.24867
         583     6.24867
         584     6.24867
         585     6.24867
         586     6.24867
         587     6.24867
         588     6.24867
         589     6.24867
         590     6.24867
         591     6.24867
         592     6.24867
         593     6.24867
         594     6.24867
         595     6.24867
         596     6.24867
         597     6.24867
         598     6.24867
         599     6.24867
         600     6.24867
         601     6.24867
         602     6.24867
         603     6.24867
         604     6.24867
         605     6.24867
         606     6.24867
         607     6.24867
         608     6.24867
         609     6.24867
         610     6.24867
         611     6.24867
         612     6.24867
         613     6.24867
         614     6.24867
         615     6.24867
         616     6.24867
         617     6.24867
         618     6.24867
         619     6.24867
         620     6.24867
         621     6.24867
         622     6.24867
         623     6.24867
         624     6.24867
         625     6.24867
         626     6.24867
         627     6.24867
         628     6.24867
         629     6.24867
         630     6.24867
         631     6.24867
         632     6.24867
         633     6.24867
         634     6.24867
         635     6.24867
         636     6.24867
         637     6.24867
         638     6.24867
         639     6.24867
         640     6.24867
         641     6.24867
         642     6.24867
         643     6.24867
         644     6.24867
         645     6.24867
         646     6.24867
         647     6.24867
         648     6.24867
         649     6.24867
         650     6.24867
         651     6.24867
         652     6.24867
         653     6.24867
         654     6.24867
         655     6.24867
         656     6.24867
         657     6.24867
         658     6.24867
         659     6.24867
         660     6.24867
         661     6.24867
         662     6.24867
         663     6.24867
         664     6.24867
         665     6.24867
         666     6.24867
         667     6.24867
         668     6.24867
         669     6.24867
         670     6.24867
         671     6.24867
         672     6.24867
         673     6.24867
         674     6.24867
         675     6.24867
         676     6.24867
         677     6.24867
         678     6.24867
         679     6.24867
         680     6.24867
         681     6.24867
         682     6.24867
         683     6.24867
         684     6.24867
         685     6.24867
         686     6.24867
         687     6.24867
         688     6.24867
         689     6.24867
         690     6.24867
         691     6.24867
         692     6.24867
         693     6.24867
         694     6.24867
         695     6.24867
         696     6.24867
         697     6.24867
         698     6.24867
         699     6.24867
         700     6.24867
         701     6.24867
         702     6.24867
         703     6.24867
         704     6.24867
         705     6.24867
         706     6.24867
         707     6.24867
         708     6.24867
         709     6.24867
         710     6.24867
         711     6.24867
         712     6.24867
         713     6.24867
         714     6.24867
         715     6.24867
         716     6.24867
         717     6.24867
         718     6.24867
         719     6.24867
         720     6.24867
         721     6.24867
         722     6.24867
         723     6.24867
         724     6.24867
         725     6.24867
         726     6.24867
         727     6.24867
         728     6.24867
         729     6.24867
         730     6.24867
         731     6.24867
         732     6.24867
         733     6.24867
         734     6.24867
         735     6.24867
         736     6.24867
         737     6.24867
         738     6.24867
         739     6.24867
         740     6.24867
         741     6.24867
         742     6.24867
         743     6.24867
         744     6.24867
         745     6.24867
         746     6.24867
         747     6.24867
         748     6.24867
         749     6.24867
         750     6.24867
         751     6.24867
         752     6.24867
         753     6.24867
         754     6.24867
         755     6.24867
         756     6.24867
         757     6.24867
         758     6.24867
         759     6.24867
         760     6.24867
         761     6.24867
         762     6.24867
         763     6.24867
         764     6.24867
         765     6.24867
         766     6.24867
         767     6.24867
         768     6.24867
         769     6.24867
         770     6.24867
         771     6.24867
         772     6.24867
         773     6.24867
         774     6.24867
         775     6.24867
         776     6.24867
         777     6.24867
         778     6.24867
         779     6.24867
         780     6.24867
         781     6.24867
         782     6.24867
         783     6.24867
         784     6.24867
         785     6.24867
         786     6.24867
         787     6.24867
         788     6.24867
         789     6.24867
         790     6.24867
         791     6.24867
         792     6.24867
         793     6.24867
         794     6.24867
         795     6.24867
         796     6.24867
         797     6.24867
         798     6.24867
         799     6.24867
         800     6.24867
         801     6.24867
         802     6.24867
         803     6.24867
         804     6.24867
         805     6.24867
         806     6.24867
         807     6.24867
         808     6.24867
         809     6.24867
         810     6.24867
         811     6.24867
         812     6.24867
         813     6.24867
         814     6.24867
         815     6.24867
         816     6.24867
         817     6.24867
         818     6.24867
         819     6.24867
         820     6.24867
         821     6.24867
         822     6.24867
         823     6.24867
         824     6.24867
         825     6.24867
         826     6.24867
         827     6.24867
         828     6.24867
         829     6.24867
         830     6.24867
         831     6.24867
         832     6.24867
         833     6.24867
         834     6.24867
         835     6.24867
         836     6.24867
         837     6.24867
         838     6.24867
         839     6.24867
         840     6.24867
         841     6.24867
         842     6.24867
         843     6.24867
         844     6.24867
         845     6.24867
         846     6.24867
         847     6.24867
         848     6.24867
         849     6.24867
         850     6.24867
         851     6.24867
         852     6.24867
         853     6.24867
         854     6.24867
         855     6.24867
         856     6.24867
         857     6.24867
         858     6.24867
         859     6.24867
         860     6.24867
         861     6.24867
         862     6.24867
         863     6.24867
         864     6.24867
         865     6.24867
         866     6.24867
         867     6.24867
         868     6.24867
         869     6.24867
         870     6.24867
         871     6.24867
         872     6.24867
         873     6.24867
         874     6.24867
         875     6.24867
         876     6.24867
         877     6.24867
         878     6.24867
         879     6.24867
         880     6.24867
         881     6.24867
         882     6.24867
         883     6.24867
         884     6.24867
         885     6.24867
         886     6.24867
         887     6.24867
         888     6.24867
         889     6.24867
         890     6.24867
         891     6.24867
         892     6.24867
         893     6.24867
         894     6.24867
         895     6.24867
         896     6.24867
         897     6.24867
         898     6.24867
         899     6.24867
         900     6.24867
         901     6.24867
         902     6.24867
         903     6.24867
         904     6.24867
         905     6.24867
         906     6.24867
         907     6.24867
         908     6.24867
         909     6.24867
         910     6.24867
         911     6.24867
         912     6.24867
         913     6.24867
         914     6.24867
         915     6.24867
         916     6.24867
         917     6.24867
         918     6.24867
         919     6.24867
         920     6.24867
         921     6.24867
         922     6.24867
         923     6.24867
         924     6.24867
         925     6.24867
         926     6.24867
         927     6.24867
         928     6.24867
         929     6.24867
         930     6.24867
         931     6.24867
         932     6.24867
         933     6.24867
         934     6.24867
         935     6.24867
         936     6.24867
         937     6.24867
         938     6.24867
         939     6.24867
         940     6.24867
         941     6.24867
         942     6.24867
         943     6.24867
         944     6.24867
         945     6.24867
         946     6.24867
         947     6.24867
         948     6.24867
         949     6.24867
         950     6.24867
         951     6.24867
         952     6.24867
         953     6.24867
         954     6.24867
         955     6.24867
         956     6.24867
         957     6.24867
         958     6.24867
         959     6.24867
         960     6.24867
         961     6.24867
         962     6.24867
         963     6.24867
         964     6.24867
         965     6.24867
         966     6.24867
         967     6.24867
         968     6.24867
         969     6.24867
         970     6.24867
         971     6.24867
         972     6.24867
         973     6.24867
         974     6.24867
         975     6.24867
         976     6.24867
         977     6.24867
         978     6.24867
         979     6.24867
         980     6.24867
         981     6.24867
         982     6.24867
         983     6.24867
         984     6.24867
         985     6.24867
         986     6.24867
         987     6.24867
         988     6.24867
         989     6.24867
         990     6.24867
         991     6.24867
         992     6.24867
         993     6.24867
         994     6.24867
         995     6.24867
         996     6.24867
         997     6.24867
         998     6.24867
         999     6.24867
        1000     6.24867
