           0     40.7569     1.95782
           1      38.231     1.78529
           2     36.3819      1.1406
           3       35.18     1.19847
           4     34.4279     1.25107
           5     33.3444    0.859954
           6     32.6431     1.29235
           7     31.1084     1.55165
           8     29.7052       1.871
           9     27.8958     1.90204
          10     26.6721     1.35273
          11     26.3043     1.34367
          12     25.4186     1.27503
          13     24.6326     1.14662
          14     23.5644     0.71864
          15     23.4221    0.835885
          16     22.6096     0.90626
          17     21.6612       1.053
          18     20.9397     1.11283
          19     20.4971      1.1061
          20     19.9215    0.930403
          21     19.5972    0.651611
          22     19.5194     1.19091
          23      18.589      1.0804
          24     17.7343     1.18233
          25     17.0385     1.14661
          26     16.4744    0.887966
          27     16.2305    0.638498
          28     15.9695    0.035358
          29     15.9574   0.0317917
          30     15.9229   0.0882375
          31     16.0709    0.443643
          32     16.2086    0.697132
          33     15.9889    0.424079
          34     15.8887    0.444135
          35     15.3336     0.51471
          36     14.9188    0.557284
          37     14.4655   0.0863606
          38     14.5007    0.176209
          39       14.54    0.244081
          40     14.5158     0.23482
          41     14.4485 3.37175e-07
          42     14.4485 3.37175e-07
          43     14.4485 3.37175e-07
          44     14.4485 3.37175e-07
          45     14.4485 3.37175e-07
          46     14.4484 0.000205579
          47     14.4482 0.000538331
          48     14.4795    0.151874
          49     14.5759    0.434893
          50     14.4753    0.152772
          51     14.3764    0.589108
          52     13.7039     1.08049
          53     12.8533     1.03529
          54     12.2361    0.790489
          55     11.6591     0.64388
          56     11.4135    0.511269
          57     11.7348    0.988788
          58     11.0786    0.427996
          59     11.2773    0.839682
          60     10.8184    0.074318
          61      10.795   0.0576767
          62     10.8366    0.217095
          63     10.9749    0.562247
          64     11.1452     1.01596
          65     10.9055    0.550652
          66     10.9672    0.635544
          67     10.9783     0.73952
          68     10.4931    0.153206
          69     10.3729    0.116632
          70     10.3504    0.102313
          71      10.131    0.696291
          72     10.1871     0.95738
          73     9.93783     1.12936
          74     9.63189     1.46547
          75     9.22697     1.52659
          76     8.42926     1.16351
          77     8.20579      1.0059
          78     8.06405    0.875449
          79     7.62169    0.504324
          80      7.2618    0.139212
          81     7.31066    0.262556
          82     7.22598   0.0773301
          83      7.2102 1.46001e-07
          84      7.2102 1.46001e-07
          85      7.2102 1.46001e-07
          86     7.30998    0.277629
          87     7.45828    0.645027
          88      7.2102 1.46001e-07
          89      7.2102 1.46001e-07
          90      7.2102 1.46001e-07
          91      7.2102 1.46001e-07
          92      7.2102 1.46001e-07
          93      7.2102 1.46001e-07
          94     7.32602    0.353309
          95     7.24493    0.173191
          96     7.37085    0.448536
          97      7.2102 1.46001e-07
          98      7.2102 1.46001e-07
          99      7.2102 1.46001e-07
         100      7.2102 1.46001e-07
         101     7.36282    0.513457
         102     7.43853    0.690523
         103     7.79755     1.05357
         104     6.99188    0.738021
         105     6.64653    0.396729
         106     6.70352    0.546246
         107     6.63649    0.435054
         108     6.52735    0.139386
         109     6.65366    0.447852
         110     7.36375     1.30404
         111     7.47198      1.3326
         112     7.87572     1.41896
         113     8.23001     1.34806
         114     7.76029     1.23986
         115     7.00502    0.751309
         116     6.87909    0.689499
         117     6.50809    0.106073
         118     6.50808   0.0905186
         119     6.51272    0.109188
         120     6.49726    0.075782
         121     6.54019    0.166021
         122     6.48643 2.92002e-07
         123     6.48643 2.92002e-07
         124     6.48643 2.92002e-07
         125     6.48643 2.92002e-07
         126     6.48643 2.92002e-07
         127     6.50385   0.0879037
         128     6.48643 2.92002e-07
         129     6.48643 2.92002e-07
         130     6.48548    0.006708
         131     6.45226   0.0729385
         132     6.41099   0.0924302
         133     6.32047   0.0614098
         134     6.29658 2.52881e-07
         135     6.29658 2.52881e-07
         136     6.29658 2.52881e-07
         137     6.29658 2.52881e-07
         138     6.29658 2.52881e-07
         139     6.29658 2.52881e-07
         140     6.29658 2.52881e-07
         141      6.4773    0.530933
         142      6.3126    0.112119
         143     6.62064    0.807792
         144     6.91204    0.968925
         145     6.61131    0.633533
         146     6.37622     0.31623
         147     6.35048    0.265154
         148     6.40703    0.375636
         149     6.29658 2.52881e-07
         150     6.29658 2.52881e-07
         151     6.29179   0.0143743
         152     6.27646   0.0236485
         153     6.29385    0.133957
         154      6.3305    0.265247
         155     6.32714    0.225297
         156     6.37736    0.423523
         157     6.24867 3.86282e-07
         158     6.24867 3.86282e-07
         159     6.24867 3.86282e-07
         160     6.24867 3.86282e-07
         161     6.24867 3.86282e-07
         162      6.3998    0.443247
         163     6.46364    0.496512
         164     6.24867 3.86282e-07
         165     6.24867 3.86282e-07
         166     6.24867 3.86282e-07
         167     6.24867 3.86282e-07
         168     6.24867 3.86282e-07
         169     6.24867 3.86282e-07
         170     6.24867 3.86282e-07
         171     6.24867 3.86282e-07
         172     6.24867 3.86282e-07
         173     6.24867 3.86282e-07
         174     6.24867 3.86282e-07
         175     6.24867 3.86282e-07
         176     6.24867 3.86282e-07
         177     6.24867 3.86282e-07
         178     6.24867 3.86282e-07
         179     6.24867 3.86282e-07
         180     6.24867 3.86282e-07
         181     6.24867 3.86282e-07
         182     6.24867 3.86282e-07
         183     6.24867 3.86282e-07
         184     6.24867 3.86282e-07
         185     6.24867 3.86282e-07
         186     6.24867 3.86282e-07
         187     6.24867 3.86282e-07
         188     6.24867 3.86282e-07
         189     6.24867 3.86282e-07
         190     6.27021     0.10669
         191     6.24867 3.86282e-07
         192     6.24867 3.86282e-07
         193     6.24867 3.86282e-07
         194     6.24867 3.86282e-07
         195     6.25333   0.0326676
         196     6.24867 3.86282e-07
         197     6.24867 3.86282e-07
         198     6.24867 3.86282e-07
         199     6.24867 3.86282e-07
         200     6.24867 3.86282e-07
         201     6.24867 3.86282e-07
         202     6.24867 3.86282e-07
         203     6.24867 3.86282e-07
         204      6.2582   0.0470058
         205     6.24867 3.86282e-07
         206     6.24867 3.86282e-07
         207     6.24867 3.86282e-07
         208     6.24867 3.86282e-07
         209     6.32818    0.224389
         210     6.26809   0.0951731
         211     6.24867 3.86282e-07
         212     6.24867 3.86282e-07
         213     6.24867 3.86282e-07
         214     6.24867 3.86282e-07
         215     6.24867 3.86282e-07
         216     6.24867 3.86282e-07
         217     6.24867 3.86282e-07
         218     6.24867 3.86282e-07
         219     6.24867 3.86282e-07
         220     6.24867 3.86282e-07
         221     6.24867 3.86282e-07
         222     6.24867 3.86282e-07
         223     6.24867 3.86282e-07
         224     6.24867 3.86282e-07
         225     6.24867 3.86282e-07
         226     6.24867 3.86282e-07
         227     6.24867 3.86282e-07
         228     6.24867 3.86282e-07
         229     6.24867 3.86282e-07
         230     6.24867 3.86282e-07
         231     6.24867 3.86282e-07
         232     6.24867 3.86282e-07
         233     6.24867 3.86282e-07
         234     6.24867 3.86282e-07
         235     6.24867 3.86282e-07
         236     6.24867 3.86282e-07
         237     6.24867 3.86282e-07
         238     6.25797   0.0650891
         239     6.29161    0.171902
         240     6.24867 3.86282e-07
         241     6.24867 3.86282e-07
         242     6.24867 3.86282e-07
         243     6.24867 3.86282e-07
         244     6.24867 3.86282e-07
         245     6.24867 3.86282e-07
         246     6.24867 3.86282e-07
         247     6.24867 3.86282e-07
         248     6.24867 3.86282e-07
         249     6.24867 3.86282e-07
         250     6.24867 3.86282e-07
         251     6.24867 3.86282e-07
         252     6.24867 3.86282e-07
         253     6.24867 3.86282e-07
         254     6.24867 3.86282e-07
         255     6.24867 3.86282e-07
         256     6.24867 3.86282e-07
         257     6.38295    0.399126
         258     6.24867 3.86282e-07
         259     6.33732    0.249128
         260     6.66382    0.873069
         261     6.47531    0.710519
         262     6.34912    0.355664
         263     6.31177    0.251474
         264     6.24867 3.86282e-07
         265     6.24867 3.86282e-07
         266     6.24867 3.86282e-07
         267     6.24867 3.86282e-07
         268     6.24867 3.86282e-07
         269     6.25337   0.0299696
         270      6.4056    0.441959
         271     6.46784    0.601803
         272     6.24867 3.86282e-07
         273     6.24867 3.86282e-07
         274     6.25485   0.0432535
         275     6.28203    0.157365
         276     6.24867 3.86282e-07
         277     6.24867 3.86282e-07
         278     6.24867 3.86282e-07
         279     6.24867 3.86282e-07
         280     6.24867 3.86282e-07
         281     6.24867 3.86282e-07
         282     6.24867 3.86282e-07
         283     6.24867 3.86282e-07
         284     6.24867 3.86282e-07
         285     6.24867 3.86282e-07
         286     6.24867 3.86282e-07
         287     6.24867 3.86282e-07
         288     6.24867 3.86282e-07
         289     6.24867 3.86282e-07
         290     6.24867 3.86282e-07
         291     6.24867 3.86282e-07
         292     6.24867 3.86282e-07
         293     6.24867 3.86282e-07
         294     6.24867 3.86282e-07
         295     6.24867 3.86282e-07
         296     6.24867 3.86282e-07
         297     6.24867 3.86282e-07
         298     6.24867 3.86282e-07
         299     6.24867 3.86282e-07
         300     6.24867 3.86282e-07
         301     6.24867 3.86282e-07
         302     6.24867 3.86282e-07
         303     6.24867 3.86282e-07
         304     6.24867 3.86282e-07
         305     6.24867 3.86282e-07
         306     6.24867 3.86282e-07
         307     6.24867 3.86282e-07
         308     6.25243    0.026366
         309     6.38759    0.323937
         310     6.25243    0.026366
         311     6.26246    0.056452
         312     6.26766    0.087322
         313     6.29114    0.173661
         314     6.31802    0.243308
         315     6.28618    0.158946
         316     6.31363    0.196855
         317     6.25478   0.0427546
         318     6.27842    0.149007
         319     6.24867 3.86282e-07
         320     6.24867 3.86282e-07
         321     6.24867 3.86282e-07
         322     6.25048   0.0126624
         323     6.36107    0.337089
         324     6.29285    0.150545
         325     6.24867 3.86282e-07
         326     6.24867 3.86282e-07
         327     6.24867 3.86282e-07
         328     6.24867 3.86282e-07
         329     6.24867 3.86282e-07
         330     6.24867 3.86282e-07
         331     6.24867 3.86282e-07
         332     6.24867 3.86282e-07
         333     6.24867 3.86282e-07
         334     6.24867 3.86282e-07
         335     6.32093    0.230853
         336     6.54748    0.603539
         337     6.28417     0.14653
         338     6.24867 3.86282e-07
         339     6.24867 3.86282e-07
         340     6.24867 3.86282e-07
         341     6.24867 3.86282e-07
         342     6.24867 3.86282e-07
         343     6.24867 3.86282e-07
         344     6.24867 3.86282e-07
         345     6.24867 3.86282e-07
         346     6.24867 3.86282e-07
         347     6.24867 3.86282e-07
         348     6.24867 3.86282e-07
         349     6.24867 3.86282e-07
         350     6.24867 3.86282e-07
         351     6.24867 3.86282e-07
         352     6.24867 3.86282e-07
         353     6.24867 3.86282e-07
         354     6.24867 3.86282e-07
         355     6.24867 3.86282e-07
         356     6.25773   0.0450742
         357     6.60832       0.638
         358      6.3055    0.206183
         359     6.24867 3.86282e-07
         360     6.24867 3.86282e-07
         361     6.24867 3.86282e-07
         362     6.24867 3.86282e-07
         363     6.24867 3.86282e-07
         364     6.24867 3.86282e-07
         365     6.24867 3.86282e-07
         366     6.24867 3.86282e-07
         367     6.24867 3.86282e-07
         368     6.24867 3.86282e-07
         369     6.25958   0.0698312
         370     6.24867 3.86282e-07
         371     6.38512    0.424286
         372     6.32146    0.261231
         373     6.24867 3.86282e-07
         374     6.24867 3.86282e-07
         375     6.24867 3.86282e-07
         376     6.24867 3.86282e-07
         377     6.24867 3.86282e-07
         378     6.24867 3.86282e-07
         379     6.24867 3.86282e-07
         380     6.24867 3.86282e-07
         381     6.24867 3.86282e-07
         382     6.24867 3.86282e-07
         383     6.24867 3.86282e-07
         384     6.24867 3.86282e-07
         385     6.24867 3.86282e-07
         386     6.24867 3.86282e-07
         387     6.24867 3.86282e-07
         388     6.24867 3.86282e-07
         389     6.24867 3.86282e-07
         390     6.24867 3.86282e-07
         391     6.24867 3.86282e-07
         392     6.24867 3.86282e-07
         393     6.24867 3.86282e-07
         394     6.24867 3.86282e-07
         395     6.24867 3.86282e-07
         396     6.24867 3.86282e-07
         397      6.3534    0.364555
         398     6.24867 3.86282e-07
         399     6.24867 3.86282e-07
         400     6.24867 3.86282e-07
         401     6.24867 3.86282e-07
         402     6.24867 3.86282e-07
         403     6.24867 3.86282e-07
         404     6.24867 3.86282e-07
         405     6.24867 3.86282e-07
         406     6.24867 3.86282e-07
         407     6.24867 3.86282e-07
         408     6.24867 3.86282e-07
         409     6.42356    0.499995
         410     6.25991   0.0511565
         411     6.24867 3.86282e-07
         412     6.24867 3.86282e-07
         413     6.24867 3.86282e-07
         414     6.24867 3.86282e-07
         415     6.24867 3.86282e-07
         416     6.24867 3.86282e-07
         417     6.24867 3.86282e-07
         418     6.24867 3.86282e-07
         419     6.24867 3.86282e-07
         420     6.24867 3.86282e-07
         421     6.24867 3.86282e-07
         422     6.24867 3.86282e-07
         423     6.24867 3.86282e-07
         424     6.24867 3.86282e-07
         425     6.24867 3.86282e-07
         426     6.24867 3.86282e-07
         427     6.24867 3.86282e-07
         428     6.24867 3.86282e-07
         429     6.24867 3.86282e-07
         430     6.24867 3.86282e-07
         431     6.24867 3.86282e-07
         432     6.25386   0.0302469
         433     6.24867 3.86282e-07
         434     6.24963    0.006708
         435     6.24867 3.86282e-07
         436     6.24867 3.86282e-07
         437     6.24867 3.86282e-07
         438     6.24867 3.86282e-07
         439     6.24867 3.86282e-07
         440     6.24867 3.86282e-07
         441     6.24867 3.86282e-07
         442     6.24867 3.86282e-07
         443     6.24867 3.86282e-07
         444     6.24867 3.86282e-07
         445     6.24867 3.86282e-07
         446     6.24867 3.86282e-07
         447     6.24867 3.86282e-07
         448     6.24867 3.86282e-07
         449     6.24867 3.86282e-07
         450     6.24867 3.86282e-07
         451     6.24867 3.86282e-07
         452     6.24867 3.86282e-07
         453     6.24867 3.86282e-07
         454     6.24867 3.86282e-07
         455     6.24867 3.86282e-07
         456     6.24867 3.86282e-07
         457     6.24867 3.86282e-07
         458     6.24867 3.86282e-07
         459     6.24867 3.86282e-07
         460     6.24867 3.86282e-07
         461     6.24867 3.86282e-07
         462     6.24867 3.86282e-07
         463     6.24867 3.86282e-07
         464     6.24867 3.86282e-07
         465     6.24867 3.86282e-07
         466     6.24867 3.86282e-07
         467     6.24867 3.86282e-07
         468     6.24867 3.86282e-07
         469     6.24867 3.86282e-07
         470     6.24867 3.86282e-07
         471     6.24867 3.86282e-07
         472     6.24867 3.86282e-07
         473     6.24867 3.86282e-07
         474     6.24867 3.86282e-07
         475     6.24867 3.86282e-07
         476     6.24867 3.86282e-07
         477     6.25383   0.0361158
         478     6.24867 3.86282e-07
         479     6.24867 3.86282e-07
         480     6.24867 3.86282e-07
         481     6.24867 3.86282e-07
         482     6.24867 3.86282e-07
         483     6.24867 3.86282e-07
         484     6.24867 3.86282e-07
         485     6.24867 3.86282e-07
         486      6.2545   0.0408273
         487     6.24867 3.86282e-07
         488     6.24867 3.86282e-07
         489     6.24867 3.86282e-07
         490     6.24867 3.86282e-07
         491     6.24867 3.86282e-07
         492     6.24867 3.86282e-07
         493     6.24867 3.86282e-07
         494     6.24867 3.86282e-07
         495     6.24867 3.86282e-07
         496     6.24867 3.86282e-07
         497     6.24867 3.86282e-07
         498     6.24867 3.86282e-07
         499     6.24867 3.86282e-07
         500     6.24867 3.86282e-07
         501     6.33558    0.343748
         502     6.59298    0.757476
         503     6.33579    0.260592
         504     6.24867 3.86282e-07
         505     6.24867 3.86282e-07
         506     6.24867 3.86282e-07
         507     6.24867 3.86282e-07
         508     6.25383    0.036132
         509     6.25383    0.036132
         510     6.24867 3.86282e-07
         511     6.24867 3.86282e-07
         512     6.24867 3.86282e-07
         513     6.24867 3.86282e-07
         514     6.24867 3.86282e-07
         515     6.24867 3.86282e-07
         516     6.24867 3.86282e-07
         517     6.24867 3.86282e-07
         518     6.24867 3.86282e-07
         519     6.24867 3.86282e-07
         520     6.24867 3.86282e-07
         521     6.25975   0.0634863
         522     6.29305    0.212899
         523     6.24867 3.86282e-07
         524     6.24867 3.86282e-07
         525     6.24867 3.86282e-07
         526     6.24882  0.00106074
         527     6.24867 3.86282e-07
         528     6.24867 3.86282e-07
         529     6.24867 3.86282e-07
         530     6.24867 3.86282e-07
         531     6.24867 3.86282e-07
         532     6.24867 3.86282e-07
         533     6.26667   0.0924728
         534     6.24867 3.86282e-07
         535     6.25526   0.0461388
         536     6.24867 3.86282e-07
         537     6.47365    0.627268
         538     6.32806    0.347247
         539     6.24867 3.86282e-07
         540     6.24867 3.86282e-07
         541     6.24867 3.86282e-07
         542     6.24867 3.86282e-07
         543     6.24867 3.86282e-07
         544     6.24867 3.86282e-07
         545     6.24867 3.86282e-07
         546     6.24867 3.86282e-07
         547     6.24867 3.86282e-07
         548     6.24867 3.86282e-07
         549     6.24867 3.86282e-07
         550     6.24867 3.86282e-07
         551     6.24867 3.86282e-07
         552     6.24867 3.86282e-07
         553     6.24867 3.86282e-07
         554     6.24867 3.86282e-07
         555     6.24867 3.86282e-07
         556     6.24867 3.86282e-07
         557     6.24867 3.86282e-07
         558     6.24867 3.86282e-07
         559     6.24867 3.86282e-07
         560     6.24867 3.86282e-07
         561     6.26628   0.0912553
         562     6.27234   0.0803189
         563     6.36098     0.27272
         564     6.50908    0.461505
         565     6.34428     0.26338
         566     6.26731   0.0639331
         567     6.24867 3.86282e-07
         568     6.24867 3.86282e-07
         569     6.24867 3.86282e-07
         570     6.24867 3.86282e-07
         571     6.25397   0.0370942
         572     6.24867 3.86282e-07
         573     6.24867 3.86282e-07
         574     6.33455    0.259422
         575     6.25397   0.0370942
         576     6.24867 3.86282e-07
         577     6.24867 3.86282e-07
         578     6.24867 3.86282e-07
         579     6.24867 3.86282e-07
         580      6.3657     0.32865
         581     6.24867 3.86282e-07
         582     6.24867 3.86282e-07
         583     6.24867 3.86282e-07
         584     6.24867 3.86282e-07
         585     6.24867 3.86282e-07
         586     6.24867 3.86282e-07
         587     6.24867 3.86282e-07
         588     6.24867 3.86282e-07
         589     6.26103   0.0605423
         590     6.24867 3.86282e-07
         591     6.24867 3.86282e-07
         592     6.24867 3.86282e-07
         593      6.3442    0.292394
         594     6.30484    0.194327
         595     6.82903     1.04354
         596     6.37525    0.339377
         597     6.24867 3.86282e-07
         598     6.24867 3.86282e-07
         599     6.24867 3.86282e-07
         600     6.24867 3.86282e-07
         601     6.24867 3.86282e-07
         602     6.24867 3.86282e-07
         603     6.26158   0.0532554
         604     6.40082    0.522754
         605     6.24867 3.86282e-07
         606     6.24867 3.86282e-07
         607     6.24867 3.86282e-07
         608     6.24867 3.86282e-07
         609     6.24867 3.86282e-07
         610     6.36966    0.433632
         611     6.36351    0.405469
         612     6.33672    0.318529
         613     6.26471    0.087252
         614     6.24902  0.00244547
         615     6.24867 3.86282e-07
         616     6.24867 3.86282e-07
         617     6.24867 3.86282e-07
         618     6.24867 3.86282e-07
         619     6.24867 3.86282e-07
         620     6.24867 3.86282e-07
         621     6.24867 3.86282e-07
         622     6.24867 3.86282e-07
         623     6.24867 3.86282e-07
         624     6.24867 3.86282e-07
         625     6.24867 3.86282e-07
         626     6.24867 3.86282e-07
         627     6.24867 3.86282e-07
         628     6.24867 3.86282e-07
         629     6.24867 3.86282e-07
         630     6.24867 3.86282e-07
         631     6.24867 3.86282e-07
         632     6.24867 3.86282e-07
         633     6.24867 3.86282e-07
         634     6.24867 3.86282e-07
         635     6.24867 3.86282e-07
         636     6.26284    0.099197
         637     6.24867 3.86282e-07
         638     6.24867 3.86282e-07
         639     6.24867 3.86282e-07
         640     6.24867 3.86282e-07
         641     6.24867 3.86282e-07
         642     6.24867 3.86282e-07
         643     6.24867 3.86282e-07
         644     6.24867 3.86282e-07
         645     6.24867 3.86282e-07
         646     6.24867 3.86282e-07
         647     6.24867 3.86282e-07
         648     6.24867 3.86282e-07
         649     6.24867 3.86282e-07
         650     6.27264    0.129215
         651      6.2723    0.128434
         652     6.24867 3.86282e-07
         653     6.24867 3.86282e-07
         654     6.24867 3.86282e-07
         655     6.24867 3.86282e-07
         656     6.24867 3.86282e-07
         657     6.24867 3.86282e-07
         658     6.24867 3.86282e-07
         659     6.24867 3.86282e-07
         660     6.24867 3.86282e-07
         661     6.24867 3.86282e-07
         662     6.24867 3.86282e-07
         663     6.24867 3.86282e-07
         664     6.24867 3.86282e-07
         665     6.24867 3.86282e-07
         666     6.24867 3.86282e-07
         667     6.24867 3.86282e-07
         668     6.24867 3.86282e-07
         669     6.24867 3.86282e-07
         670     6.24867 3.86282e-07
         671     6.24867 3.86282e-07
         672     6.24867 3.86282e-07
         673     6.24867 3.86282e-07
         674     6.24867 3.86282e-07
         675     6.24867 3.86282e-07
         676     6.24867 3.86282e-07
         677     6.24867 3.86282e-07
         678     6.24867 3.86282e-07
         679     6.24867 3.86282e-07
         680     6.24867 3.86282e-07
         681     6.24867 3.86282e-07
         682     6.24867 3.86282e-07
         683     6.24867 3.86282e-07
         684     6.24867 3.86282e-07
         685     6.24867 3.86282e-07
         686     6.24867 3.86282e-07
         687      6.2671   0.0952756
         688     6.24867 3.86282e-07
         689     6.24867 3.86282e-07
         690     6.24867 3.86282e-07
         691     6.24867 3.86282e-07
         692     6.24867 3.86282e-07
         693     6.24867 3.86282e-07
         694     6.24867 3.86282e-07
         695     6.24867 3.86282e-07
         696     6.24867 3.86282e-07
         697     6.24867 3.86282e-07
         698     6.24867 3.86282e-07
         699     6.24867 3.86282e-07
         700     6.32921    0.260418
         701     6.24867 3.86282e-07
         702     6.24867 3.86282e-07
         703     6.24867 3.86282e-07
         704     6.24867 3.86282e-07
         705     6.24867 3.86282e-07
         706     6.24867 3.86282e-07
         707     6.24867 3.86282e-07
         708     6.50499    0.678552
         709     6.52717    0.661283
         710     6.63167    0.768563
         711     7.32979     1.48021
         712     6.94359     1.25562
         713     6.41016    0.417539
         714     6.37428    0.400209
         715     6.26399   0.0627561
         716     6.24867 3.86282e-07
         717     6.24867 3.86282e-07
         718     6.24867 3.86282e-07
         719     6.24867 3.86282e-07
         720     6.24867 3.86282e-07
         721     6.24867 3.86282e-07
         722     6.24867 3.86282e-07
         723     6.24867 3.86282e-07
         724     6.24867 3.86282e-07
         725     6.24867 3.86282e-07
         726     6.24867 3.86282e-07
         727     6.24867 3.86282e-07
         728     6.24867 3.86282e-07
         729     6.24867 3.86282e-07
         730     6.24867 3.86282e-07
         731     6.24993  0.00682794
         732     6.24867 3.86282e-07
         733     6.49244    0.587352
         734     6.28649    0.191268
         735     6.24867 3.86282e-07
         736     6.24867 3.86282e-07
         737     6.24867 3.86282e-07
         738     6.24867 3.86282e-07
         739     6.24867 3.86282e-07
         740     6.24867 3.86282e-07
         741     6.24867 3.86282e-07
         742     6.24867 3.86282e-07
         743     6.24867 3.86282e-07
         744     6.24867 3.86282e-07
         745     6.24867 3.86282e-07
         746     6.24867 3.86282e-07
         747     6.24867 3.86282e-07
         748     6.24867 3.86282e-07
         749     6.24867 3.86282e-07
         750     6.24867 3.86282e-07
         751     6.24867 3.86282e-07
         752     6.24867 3.86282e-07
         753     6.24867 3.86282e-07
         754     6.27913    0.125574
         755     6.24867 3.86282e-07
         756     6.24867 3.86282e-07
         757     6.24867 3.86282e-07
         758     6.24867 3.86282e-07
         759     6.24867 3.86282e-07
         760     6.24867 3.86282e-07
         761     6.24867 3.86282e-07
         762     6.24867 3.86282e-07
         763     6.24867 3.86282e-07
         764     6.24867 3.86282e-07
         765     6.24867 3.86282e-07
         766     6.24867 3.86282e-07
         767     6.24867 3.86282e-07
         768     6.24867 3.86282e-07
         769     6.24867 3.86282e-07
         770     6.24867 3.86282e-07
         771     6.24867 3.86282e-07
         772     6.24867 3.86282e-07
         773     6.24867 3.86282e-07
         774     6.33724     0.25484
         775     6.40747    0.485037
         776     6.26589     0.12052
         777     6.24867 3.86282e-07
         778     6.27195    0.123903
         779     6.36506     0.33866
         780     6.24867 3.86282e-07
         781     6.24867 3.86282e-07
         782     6.24867 3.86282e-07
         783     6.25994   0.0554011
         784     6.24867 3.86282e-07
         785     6.24867 3.86282e-07
         786     6.24867 3.86282e-07
         787     6.31601    0.268349
         788       6.349    0.303577
         789     6.24867 3.86282e-07
         790     6.24867 3.86282e-07
         791     6.24867 3.86282e-07
         792     6.24867 3.86282e-07
         793     6.24867 3.86282e-07
         794     6.24867 3.86282e-07
         795     6.24867 3.86282e-07
         796     6.26348   0.0864685
         797     6.25527   0.0461993
         798     6.24867 3.86282e-07
         799     6.24867 3.86282e-07
         800     6.24867 3.86282e-07
         801     6.24867 3.86282e-07
         802     6.24867 3.86282e-07
         803     6.24867 3.86282e-07
         804     6.24867 3.86282e-07
         805     6.24867 3.86282e-07
         806     6.24867 3.86282e-07
         807     6.24867 3.86282e-07
         808     6.24867 3.86282e-07
         809     6.24867 3.86282e-07
         810     6.24867 3.86282e-07
         811     6.24867 3.86282e-07
         812     6.24867 3.86282e-07
         813     6.24867 3.86282e-07
         814     6.24867 3.86282e-07
         815     6.24867 3.86282e-07
         816     6.24867 3.86282e-07
         817     6.24867 3.86282e-07
         818     6.24867 3.86282e-07
         819     6.24867 3.86282e-07
         820     6.24867 3.86282e-07
         821     6.25046   0.0125638
         822     6.56586    0.758947
         823     6.29917    0.182946
         824     6.24867 3.86282e-07
         825     6.24867 3.86282e-07
         826     6.59766    0.793963
         827     6.24867 3.86282e-07
         828     6.28351     0.13792
         829     6.24867 3.86282e-07
         830     6.24867 3.86282e-07
         831     6.24867 3.86282e-07
         832     6.24867 3.86282e-07
         833     6.24867 3.86282e-07
         834     6.24867 3.86282e-07
         835     6.24867 3.86282e-07
         836     6.24867 3.86282e-07
         837     6.24867 3.86282e-07
         838     6.24867 3.86282e-07
         839     6.24867 3.86282e-07
         840     6.24867 3.86282e-07
         841     6.24867 3.86282e-07
         842     6.24867 3.86282e-07
         843     6.24867 3.86282e-07
         844     6.24867 3.86282e-07
         845     6.24867 3.86282e-07
         846     6.24867 3.86282e-07
         847     6.24867 3.86282e-07
         848     6.24867 3.86282e-07
         849     6.24867 3.86282e-07
         850     6.24867 3.86282e-07
         851     6.24867 3.86282e-07
         852     6.24867 3.86282e-07
         853     6.24867 3.86282e-07
         854     6.24867 3.86282e-07
         855     6.24867 3.86282e-07
         856     6.24867 3.86282e-07
         857     6.24867 3.86282e-07
         858     6.24867 3.86282e-07
         859     6.24867 3.86282e-07
         860     6.24867 3.86282e-07
         861     6.24867 3.86282e-07
         862     6.24867 3.86282e-07
         863     6.24867 3.86282e-07
         864     6.24867 3.86282e-07
         865     6.24867 3.86282e-07
         866     6.24867 3.86282e-07
         867     6.24867 3.86282e-07
         868     6.25137   0.0188899
         869     6.24867 3.86282e-07
         870     6.24867 3.86282e-07
         871     6.27463    0.104988
         872     6.34973    0.292449
         873     6.24867 3.86282e-07
         874     6.24867 3.86282e-07
         875     6.24867 3.86282e-07
         876     6.24867 3.86282e-07
         877     6.24867 3.86282e-07
         878     6.24867 3.86282e-07
         879     6.24867 3.86282e-07
         880     6.29624    0.187806
         881     6.29795    0.287283
         882     6.24867 3.86282e-07
         883     6.24867 3.86282e-07
         884     6.24867 3.86282e-07
         885     6.24867 3.86282e-07
         886     6.24867 3.86282e-07
         887     6.24867 3.86282e-07
         888     6.24867 3.86282e-07
         889     6.24867 3.86282e-07
         890     6.24867 3.86282e-07
         891     6.24867 3.86282e-07
         892     6.24867 3.86282e-07
         893     6.24867 3.86282e-07
         894     6.24867 3.86282e-07
         895     6.24867 3.86282e-07
         896     6.24867 3.86282e-07
         897     6.24867 3.86282e-07
         898     6.24867 3.86282e-07
         899     6.24867 3.86282e-07
         900     6.24867 3.86282e-07
         901     6.24867 3.86282e-07
         902     6.24867 3.86282e-07
         903     6.24867 3.86282e-07
         904     6.26651   0.0930316
         905     6.24867 3.86282e-07
         906     6.24867 3.86282e-07
         907     6.24867 3.86282e-07
         908     6.24867 3.86282e-07
         909     6.24867 3.86282e-07
         910     6.24867 3.86282e-07
         911     6.24867 3.86282e-07
         912     6.24867 3.86282e-07
         913     6.24867 3.86282e-07
         914     6.24867 3.86282e-07
         915     6.24867 3.86282e-07
         916     6.24867 3.86282e-07
         917     6.27038    0.106385
         918     6.24867 3.86282e-07
         919     6.24867 3.86282e-07
         920     6.24867 3.86282e-07
         921       6.356    0.391052
         922     6.34649    0.373834
         923     6.24867 3.86282e-07
         924      6.3309    0.338193
         925     6.24867 3.86282e-07
         926     6.24867 3.86282e-07
         927     6.24867 3.86282e-07
         928     6.24867 3.86282e-07
         929     6.24867 3.86282e-07
         930     6.24867 3.86282e-07
         931     6.24867 3.86282e-07
         932     6.24867 3.86282e-07
         933     6.24867 3.86282e-07
         934     6.30277    0.228046
         935     6.24867 3.86282e-07
         936     6.24867 3.86282e-07
         937     6.24867 3.86282e-07
         938     6.24867 3.86282e-07
         939     6.24867 3.86282e-07
         940     6.24867 3.86282e-07
         941     6.24867 3.86282e-07
         942     6.24867 3.86282e-07
         943     6.24867 3.86282e-07
         944     6.24867 3.86282e-07
         945     6.24867 3.86282e-07
         946     6.24867 3.86282e-07
         947     6.24867 3.86282e-07
         948     6.24867 3.86282e-07
         949     6.24867 3.86282e-07
         950     6.24867 3.86282e-07
         951     6.24867 3.86282e-07
         952     6.24867 3.86282e-07
         953     6.24867 3.86282e-07
         954     6.24867 3.86282e-07
         955     6.24867 3.86282e-07
         956     6.24867 3.86282e-07
         957     6.24867 3.86282e-07
         958     6.24867 3.86282e-07
         959     6.24867 3.86282e-07
         960     6.24867 3.86282e-07
         961     6.24867 3.86282e-07
         962     6.24867 3.86282e-07
         963     6.24867 3.86282e-07
         964     6.24867 3.86282e-07
         965     6.25409    0.037927
         966     6.24867 3.86282e-07
         967     6.24867 3.86282e-07
         968     6.24867 3.86282e-07
         969     6.24867 3.86282e-07
         970     6.24867 3.86282e-07
         971     6.24867 3.86282e-07
         972     6.24867 3.86282e-07
         973     6.24867 3.86282e-07
         974     6.24867 3.86282e-07
         975     6.24867 3.86282e-07
         976     6.24867 3.86282e-07
         977     6.24867 3.86282e-07
         978     6.24867 3.86282e-07
         979     6.24867 3.86282e-07
         980     6.24867 3.86282e-07
         981     6.25834   0.0676891
         982     6.24867 3.86282e-07
         983     6.24867 3.86282e-07
         984     6.24867 3.86282e-07
         985     6.33239    0.335363
         986     6.24867 3.86282e-07
         987     6.26048   0.0826735
         988     6.24867 3.86282e-07
         989     6.24867 3.86282e-07
         990     6.24867 3.86282e-07
         991     6.27967    0.107862
         992     6.26378   0.0777956
         993     6.24867 3.86282e-07
         994     6.24867 3.86282e-07
         995     6.24867 3.86282e-07
         996     6.24867 3.86282e-07
         997     6.24867 3.86282e-07
         998     6.24867 3.86282e-07
         999     6.24867 3.86282e-07
        1000     6.24867 3.86282e-07
