           1    -4.51561    -4.51561           0
           2    -4.41703    -4.46632   0.0348533
           3    -4.31394    -4.41552   0.0475373
           4      -4.252    -4.37464   0.0502449
           5    -4.22435    -4.34459   0.0483582
           6    -4.09872    -4.30361   0.0549842
           7    -4.01555    -4.26246   0.0606028
           8    -3.95154    -4.22359   0.0642927
           9    -3.94026    -4.19211   0.0643971
          10    -3.83298     -4.1562   0.0672296
          11    -3.88622    -4.13165   0.0654446
          12    -3.93425     -4.1152   0.0620239
          13    -3.83818    -4.09389   0.0608033
          14    -3.75383     -4.0696   0.0611198
          15    -3.72871    -4.04688   0.0611246
          16    -3.80449    -4.03173   0.0591518
          17    -3.83501    -4.02016   0.0567929
          18    -3.81636    -4.00883   0.0547548
          19    -3.81794    -3.99879   0.0527866
          20     -3.7843    -3.98806   0.0512251
          21    -3.71394    -3.97501   0.0504216
          22    -3.67926    -3.96157   0.0498896
          23     -3.7984    -3.95447   0.0482223
          24    -3.84084    -3.94974   0.0464449
          25    -3.83288    -3.94506   0.0448217
          26    -3.68796    -3.93517   0.0441751
          27    -3.80312    -3.93028   0.0428089
          28    -3.71059    -3.92244   0.0419929
          29    -3.69584    -3.91462   0.0412654
          30       -3.69    -3.90714   0.0405635
          31    -3.66753    -3.89941   0.0399846
          32    -3.71163    -3.89354   0.0391633
          33    -3.80482    -3.89085   0.0380687
          34    -3.80369    -3.88829   0.0370353
          35    -3.77867    -3.88515   0.0361093
          36    -3.71683    -3.88048   0.0354077
          37    -3.63359    -3.87381   0.0350738
          38    -3.71462    -3.86962   0.0344001
          39    -3.71218    -3.86558   0.0337541
          40    -3.62157    -3.85948   0.0334569
          41    -3.48632    -3.85038   0.0338563
          42    -3.40103    -3.83968   0.0346994
          43    -3.55495    -3.83306   0.0345185
          44     -3.5877    -3.82748   0.0341814
          45    -3.58991     -3.8222   0.0338271
          46    -3.65524    -3.81857   0.0332859
          47    -3.79274    -3.81802   0.0325822
          48    -3.78425    -3.81732    0.031911
          49    -3.72658    -3.81547   0.0313134
          50    -3.69012    -3.81296   0.0307874
          51    -3.76962    -3.81211   0.0301954
          52    -3.72012    -3.81034   0.0296665
          53    -3.82488    -3.81062    0.029108
          54    -3.88157    -3.81193   0.0285986
          55    -3.85655    -3.81274   0.0280902
          56    -3.79145    -3.81236   0.0275911
          57    -3.72162    -3.81077    0.027153
          58    -3.63892    -3.80781    0.026846
          59    -3.60132    -3.80431   0.0266181
          60    -3.64042    -3.80158   0.0263142
          61     -3.6591    -3.79924   0.0259863
          62    -3.63333    -3.79656   0.0257046
          63    -3.62848     -3.7939   0.0254346
          64    -3.62371    -3.79124   0.0251758
          65    -3.71059       -3.79   0.0248191
          66      -3.673    -3.78822   0.0245062
          67    -3.68686    -3.78671   0.0241871
          68    -3.76572     -3.7864   0.0238334
          69    -3.71604    -3.78538   0.0235098
          70     -3.6842    -3.78394   0.0232183
          71    -3.67063    -3.78234   0.0229461
          72    -3.67521    -3.78085   0.0226756
          73    -3.81512    -3.78132   0.0223698
          74    -3.73629    -3.78071   0.0220758
          75     -3.6182    -3.77855   0.0218876
          76    -3.65032    -3.77686   0.0216645
          77    -3.61371    -3.77474   0.0214865
          78    -3.62872    -3.77287   0.0212924
          79    -3.56077    -3.77018   0.0211915
          80    -3.60718    -3.76815   0.0210243
          81    -3.69649    -3.76726   0.0207834
          82    -3.71355    -3.76661   0.0205402
          83     -3.7026    -3.76584   0.0203072
          84    -3.71054    -3.76518   0.0200762
          85    -3.71226    -3.76455   0.0198496
          86    -3.75131     -3.7644   0.0196194
          87    -3.67271    -3.76335   0.0194222
          88    -3.77885    -3.76352   0.0192023
          89    -3.75974    -3.76348   0.0189866
          90    -3.74022    -3.76322   0.0187774
          91     -3.6662    -3.76216   0.0186013
          92    -3.68704    -3.76134    0.018417
          93    -3.71848    -3.76088   0.0182247
          94    -3.67149    -3.75993   0.0180556
          95    -3.59071    -3.75815   0.0179532
          96    -3.56061    -3.75609   0.0178837
          97    -3.61833    -3.75467   0.0177557
          98    -3.60531    -3.75314   0.0176398
          99    -3.64121    -3.75201   0.0174978
         100    -3.61767    -3.75067   0.0173743
         101    -3.62893    -3.74946    0.017244
         102    -3.63435    -3.74834   0.0171119
         103    -3.55158    -3.74643    0.017052
         104    -3.56123    -3.74465   0.0169808
         105    -3.59377    -3.74321   0.0168797
         106    -3.64949    -3.74232   0.0167436
         107    -3.55639    -3.74059   0.0166771
         108    -3.51656    -3.73851   0.0166512
         109    -3.52869    -3.73659   0.0166093
         110    -3.57299     -3.7351   0.0165248
         111    -3.59309    -3.73382   0.0164254
         112    -3.63623    -3.73295   0.0163018
         113    -3.66805    -3.73237   0.0161676
         114    -3.54677    -3.73075   0.0161076
         115    -3.53122    -3.72901   0.0160607
         116    -3.40335     -3.7262   0.0161658
         117    -3.54077    -3.72462   0.0161051
         118    -3.47196    -3.72248   0.0161103
         119     -3.5329    -3.72089   0.0160535
         120     -3.4827     -3.7189    0.016042
         121    -3.46399    -3.71679   0.0160471
         122    -3.49826      -3.715   0.0160152
         123    -3.51294    -3.71336   0.0159691
         124    -3.50218    -3.71166   0.0159308
         125    -3.46168    -3.70966   0.0159284
         126    -3.51932    -3.70815   0.0158735
         127    -3.50882    -3.70658   0.0158259
         128    -3.57192    -3.70552   0.0157372
         129    -3.56041     -3.7044   0.0156553
         130    -3.58033    -3.70345    0.015564
         131    -3.53851    -3.70219    0.015496
         132    -3.57557    -3.70123   0.0154083
         133    -3.58357    -3.70034   0.0153178
         134    -3.53891    -3.69914   0.0152508
         135    -3.54879    -3.69802   0.0151784
         136    -3.61943    -3.69745   0.0150778
         137    -3.54855    -3.69636   0.0150069
         138    -3.67871    -3.69623   0.0148987
         139    -3.69638    -3.69623   0.0147915
         140    -3.66423      -3.696   0.0146876
         141    -3.68782    -3.69595   0.0145836
         142    -3.63488    -3.69552   0.0144872
         143    -3.52103     -3.6943   0.0144372
         144    -3.68043     -3.6942   0.0143372
         145    -3.63957    -3.69382   0.0142433
         146    -3.55271    -3.69286   0.0141785
         147    -3.66268    -3.69265   0.0140836
         148    -3.70053     -3.6927   0.0139885
         149    -3.67777     -3.6926    0.013895
         150    -3.61095    -3.69206    0.013813
         151    -3.64467    -3.69175   0.0137251
         152    -3.59518    -3.69111   0.0136495
         153    -3.51373    -3.68995   0.0136094
         154    -3.54992    -3.68904   0.0135514
         155    -3.47565    -3.68766   0.0135337
         156    -3.58874    -3.68703   0.0134618
         157    -3.61299    -3.68656   0.0133843
         158    -3.68335    -3.68654   0.0132996
         159    -3.65473    -3.68634   0.0132175
         160     -3.7059    -3.68646   0.0131354
         161    -3.72668    -3.68671   0.0130562
         162    -3.70124     -3.6868   0.0129759
         163    -3.69661    -3.68686   0.0128965
         164    -3.60644    -3.68637   0.0128272
         165    -3.66717    -3.68625   0.0127499
         166    -3.64284    -3.68599   0.0126758
         167    -3.65342     -3.6858   0.0126014
         168     -3.6128    -3.68536   0.0125339
         169    -3.64721    -3.68514   0.0124618
         170    -3.64803    -3.68492   0.0123904
         171    -3.64185    -3.68467   0.0123205
         172    -3.64748    -3.68445   0.0122507
         173    -3.65657    -3.68429    0.012181
         174    -3.59296    -3.68376   0.0121223
         175    -3.58382    -3.68319   0.0120665
         176     -3.5368    -3.68236   0.0120265
         177    -3.52217    -3.68146   0.0119926
         178    -3.44404    -3.68012   0.0119992
         179    -3.59823    -3.67967   0.0119408
         180    -3.59142    -3.67918   0.0118846
         181    -3.54998    -3.67846   0.0118403
         182    -3.55093    -3.67776    0.011796
         183    -3.55643     -3.6771   0.0117501
         184    -3.60613    -3.67671   0.0116926
         185    -3.49057    -3.67571   0.0116726
         186    -3.48925     -3.6747   0.0116528
         187    -3.50601     -3.6738   0.0116254
         188    -3.48696    -3.67281    0.011606
         189    -3.57933    -3.67231   0.0115551
         190    -3.56223    -3.67173   0.0115088
         191    -3.55583    -3.67113   0.0114645
         192    -3.62969    -3.67091   0.0114068
         193    -3.56219    -3.67035   0.0113616
         194    -3.58022    -3.66988   0.0113126
         195    -3.50262    -3.66903    0.011287
         196    -3.43481    -3.66783   0.0112925
         197    -3.41297    -3.66654    0.011309
         198    -3.43028    -3.66534   0.0113147
         199    -3.44618    -3.66424   0.0113113
         200    -3.46189    -3.66323   0.0112999
         201    -3.54129    -3.66262     0.01126
         202    -3.53248    -3.66198   0.0112227
         203    -3.53087    -3.66133   0.0111859
         204      -3.583    -3.66095   0.0111377
         205    -3.53084    -3.66031   0.0111014
         206    -3.46364    -3.65936   0.0110885
         207    -3.43941     -3.6583   0.0110857
         208    -3.46939    -3.65739   0.0110696
         209    -3.36241    -3.65598   0.0111062
         210    -3.37257    -3.65463    0.011135
         211     -3.4116    -3.65348   0.0111417
         212    -3.53532    -3.65292   0.0111031
         213    -3.48286    -3.65212   0.0110796
         214    -3.59844    -3.65187   0.0110307
         215    -3.63342    -3.65178   0.0109797
         216    -3.55513    -3.65134    0.010938
         217     -3.4944    -3.65061   0.0109115
         218    -3.56974    -3.65024   0.0108677
         219    -3.64297    -3.65021   0.0108181
         220    -3.58841    -3.64993   0.0107726
         221      -3.484    -3.64918     0.01075
         222    -3.44209    -3.64824    0.010742
         223    -3.50189    -3.64759   0.0107138
         224    -3.40976    -3.64653   0.0107185
         225    -3.32676    -3.64511   0.0107646
         226    -3.29219    -3.64354   0.0108297
         227    -3.22909    -3.64172   0.0109348
         228    -3.13719    -3.63951   0.0111085
         229    -3.13268    -3.63729   0.0112783
         230    -3.21223    -3.63544   0.0113797
         231    -3.24495    -3.63375   0.0114553
         232    -3.31544    -3.63238   0.0114878
         233    -3.25252    -3.63075   0.0115536
         234    -3.39633    -3.62975   0.0115476
         235    -3.33983    -3.62852   0.0115641
         236    -3.20608    -3.62673   0.0116528
         237    -3.28551    -3.62529   0.0116923
         238    -3.15163     -3.6233   0.0118113
         239    -3.10374    -3.62112   0.0119603
         240    -3.21694    -3.61944   0.0120284
         241    -3.26203    -3.61795   0.0120696
         242    -3.34365    -3.61682   0.0120728
         243    -3.29163    -3.61548   0.0120971
         244     -3.2977    -3.61418   0.0121174
         245    -3.37899    -3.61322   0.0121059
         246    -3.35117    -3.61216   0.0121035
         247    -3.40169     -3.6113   0.0120844
         248    -3.38314    -3.61038   0.0120707
         249    -3.34592    -3.60932   0.0120688
         250    -3.28555    -3.60803   0.0120898
         251    -3.25885    -3.60663   0.0121214
         252    -3.30871    -3.60545   0.0121309
         253    -3.44236    -3.60481      0.0121
         254    -3.48786    -3.60435   0.0120611
         255    -3.44561    -3.60373   0.0120299
         256    -3.40547    -3.60295   0.0120078
         257    -3.44274    -3.60233   0.0119773
         258    -3.36078    -3.60139   0.0119674
         259    -3.44464    -3.60079   0.0119365
         260    -3.45459    -3.60022   0.0119038
         261    -3.44444    -3.59963   0.0118731
         262     -3.5217    -3.59933   0.0118315
         263     -3.4815    -3.59888    0.011795
         264    -3.48626    -3.59845   0.0117581
         265    -3.38834    -3.59766   0.0117404
         266    -3.41507    -3.59698   0.0117163
         267    -3.47315    -3.59651   0.0116816
         268     -3.4641    -3.59602   0.0116485
         269    -3.47078    -3.59555   0.0116145
         270    -3.42504    -3.59492   0.0115886
         271    -3.41058    -3.59424   0.0115658
         272    -3.40527    -3.59355   0.0115441
         273    -3.47296     -3.5931   0.0115103
         274    -3.52794    -3.59287   0.0114707
         275    -3.47576    -3.59244   0.0114369
         276    -3.39745    -3.59173   0.0114173
         277    -3.40364    -3.59105   0.0113962
         278    -3.45028    -3.59055   0.0113665
         279    -3.38175     -3.5898   0.0113503
         280    -3.42639    -3.58922   0.0113248
         281     -3.4239    -3.58863   0.0112998
         282     -3.4261    -3.58805   0.0112744
         283    -3.34462    -3.58719   0.0112673
         284     -3.3665    -3.58641   0.0112544
         285    -3.34848    -3.58558   0.0112458
         286    -3.31326    -3.58463   0.0112468
         287    -3.34931    -3.58381   0.0112374
         288    -3.30168    -3.58283    0.011241
         289    -3.39937    -3.58219     0.01122
         290    -3.43262    -3.58168   0.0111932
         291    -3.48134    -3.58133     0.01116
         292    -3.41416    -3.58076   0.0111365
         293     -3.3969    -3.58013   0.0111161
         294    -3.42944    -3.57962   0.0110901
         295    -3.40791    -3.57904   0.0110678
         296    -3.43623    -3.57856   0.0110409
         297     -3.4306    -3.57806    0.011015
         298    -3.51863    -3.57786   0.0109798
         299    -3.53921    -3.57773   0.0109439
         300    -3.47343    -3.57738   0.0109129
         301    -3.42813    -3.57689   0.0108879
         302    -3.32108    -3.57604   0.0108848
         303    -3.43275    -3.57557   0.0108591
         304    -3.44232    -3.57513   0.0108322
         305    -3.33599    -3.57434   0.0108251
         306    -3.31218    -3.57349   0.0108235
         307    -3.33686    -3.57272   0.0108157
         308    -3.40671    -3.57218    0.010794
         309    -3.47092    -3.57185    0.010764
         310    -3.34544    -3.57112   0.0107541
         311    -3.38941    -3.57053   0.0107353
         312    -3.40736    -3.57001   0.0107137
         313    -3.41451    -3.56951   0.0106909
         314    -3.44539    -3.56912   0.0106642
         315    -3.41366    -3.56863   0.0106418
         316    -3.39782    -3.56808   0.0106218
         317     -3.3799    -3.56749   0.0106049
         318    -3.48652    -3.56724   0.0105746
         319    -3.59518    -3.56732   0.0105418
         320    -3.57547    -3.56735   0.0105089
         321    -3.52874    -3.56723   0.0104768
         322    -3.46048     -3.5669   0.0104495
         323    -3.51467    -3.56674   0.0104184
         324    -3.50408    -3.56654   0.0103881
         325    -3.54482    -3.56648   0.0103563
         326    -3.54378    -3.56641   0.0103248
         327    -3.54577    -3.56634   0.0102934
         328    -3.50196    -3.56615   0.0102639
         329    -3.54979     -3.5661   0.0102328
         330    -3.61185    -3.56624   0.0102028
         331    -3.50861    -3.56606   0.0101734
         332    -3.50911    -3.56589   0.0101442
         333    -3.56674    -3.56589   0.0101138
         334    -3.53041    -3.56579    0.010084
         335    -3.54647    -3.56573   0.0100541
         336    -3.45907    -3.56541   0.0100292
         337    -3.54096    -3.56534  0.00999968
         338    -3.51637    -3.56519  0.00997115
         339    -3.45373    -3.56487  0.00994716
         340    -3.43016    -3.56447  0.00992579
         341    -3.42662    -3.56406  0.00990491
         342    -3.26289    -3.56318  0.00991501
         343    -3.29061    -3.56239   0.0099179
         344    -3.45374    -3.56207   0.0098941
         345    -3.49234    -3.56187  0.00986749
         346    -3.43709    -3.56151  0.00984555
         347    -3.43527    -3.56115   0.0098239
         348    -3.35397    -3.56055  0.00981369
         349    -3.34555    -3.55994  0.00980489
         350    -3.31784    -3.55924  0.00980125
         351    -3.34593    -3.55864  0.00979214
         352    -3.36399    -3.55808  0.00977993
         353     -3.3127    -3.55739  0.00977689
         354    -3.28824    -3.55663  0.00977879
         355    -3.26713    -3.55581  0.00978519
         356    -3.29672    -3.55508  0.00978473
         357    -3.33707    -3.55447  0.00977636
         358    -3.25181    -3.55363  0.00978554
         359     -3.2069    -3.55266  0.00980583
         360    -3.25263    -3.55183  0.00981395
         361    -3.25955    -3.55102   0.0098201
         362    -3.18185       -3.55  0.00984579
         363    -3.26425    -3.54921  0.00985008
         364    -3.27334    -3.54845  0.00985213
         365    -3.27166     -3.5477  0.00985428
         366    -3.10167    -3.54648  0.00990243
         367    -3.15236     -3.5454   0.0099335
         368    -3.23773    -3.54457  0.00994163
         369    -3.25669    -3.54379  0.00994525
         370      -3.267    -3.54304  0.00994647
         371    -3.27061    -3.54231  0.00994673
         372    -3.21171    -3.54142  0.00995961
         373    -3.25677    -3.54065   0.0099621
         374    -3.21314    -3.53978  0.00997388
         375    -3.14877    -3.53873   0.0100016
         376    -3.21232    -3.53787   0.0100126
         377    -3.27673    -3.53717     0.01001
         378    -3.30399    -3.53656   0.0100025
         379    -3.35029    -3.53607   0.0099882
         380    -3.30677    -3.53546  0.00998012
         381    -3.21956    -3.53463  0.00998831
         382    -3.27236    -3.53395  0.00998573
         383    -3.36881    -3.53352  0.00996896
         384    -3.30761    -3.53293  0.00996035
         385    -3.30811    -3.53234  0.00995158
         386    -3.24167    -3.53159  0.00995425
         387     -3.3223    -3.53105  0.00994321
         388    -3.32384    -3.53052  0.00993191
         389    -3.24732    -3.52979  0.00993302
         390    -3.21738    -3.52899   0.0099398
         391    -3.24225    -3.52825   0.0099414
         392    -3.31673    -3.52771  0.00993067
         393    -3.35426    -3.52727   0.0099152
         394    -3.31372    -3.52673  0.00990484
         395    -3.37527    -3.52635  0.00988718
         396    -3.32715    -3.52584    0.009875
         397    -3.37185    -3.52546  0.00985775
         398    -3.37484    -3.52508  0.00984024
         399    -3.37578     -3.5247  0.00982269
         400    -3.35154    -3.52427  0.00980767
         401    -3.42089    -3.52401   0.0097866
         402    -3.42973    -3.52378  0.00976506
         403    -3.37306     -3.5234  0.00974799
         404    -3.36061      -3.523  0.00973218
         405    -3.34122    -3.52255   0.0097185
         406    -3.33468    -3.52209  0.00970557
         407    -3.24243     -3.5214  0.00970602
         408    -3.19666    -3.52061  0.00971481
         409     -3.2896    -3.52004  0.00970746
         410    -3.30507    -3.51952  0.00969793
         411    -3.28422    -3.51894  0.00969122
         412    -3.43514    -3.51874  0.00966983
         413    -3.44553    -3.51856  0.00964805
         414    -3.43816    -3.51837   0.0096267
         415     -3.3699    -3.51801  0.00961014
         416    -3.34488     -3.5176  0.00959605
         417    -3.32086    -3.51712  0.00958463
         418    -3.33301    -3.51668  0.00957181
         419    -3.34956    -3.51628  0.00955728
         420    -3.34995    -3.51589  0.00954272
         421    -3.31187     -3.5154  0.00953235
         422    -3.30682    -3.51491  0.00952257
         423    -3.31091    -3.51443  0.00951226
         424    -3.35899    -3.51406  0.00949689
         425    -3.33744    -3.51365  0.00948363
         426    -3.42585    -3.51344  0.00946361
         427    -3.32975    -3.51301  0.00945122
         428    -3.40071    -3.51275  0.00943278
         429    -3.39262    -3.51247  0.00941495
         430    -3.43806    -3.51229  0.00939464
         431    -3.47141     -3.5122  0.00937332
         432    -3.32046    -3.51175  0.00936213
         433    -3.35919     -3.5114  0.00934713
         434    -3.27654    -3.51086  0.00934125
         435    -3.29919    -3.51037  0.00933244
         436    -3.32979    -3.50996  0.00932022
         437    -3.34988    -3.50959  0.00930609
         438    -3.46758     -3.5095  0.00928534
         439    -3.45325    -3.50937  0.00926507
         440    -3.45748    -3.50925  0.00924476
         441    -3.38763    -3.50898  0.00922791
         442    -3.40356    -3.50874  0.00921012
         443    -3.46752    -3.50864   0.0091898
         444    -3.55878    -3.50876  0.00916979
         445    -3.61978    -3.50901  0.00915258
         446    -3.55113     -3.5091  0.00913255
         447    -3.52312    -3.50913  0.00911217
         448    -3.42887    -3.50895  0.00909359
         449    -3.48184    -3.50889  0.00907354
         450    -3.36413    -3.50857  0.00905908
         451    -3.37653    -3.50828  0.00904372
         452    -3.45148    -3.50815  0.00902458
         453    -3.45418    -3.50803  0.00900545
         454    -3.49193      -3.508  0.00898568
         455    -3.52022    -3.50803  0.00896597
         456    -3.45877    -3.50792  0.00894696
         457    -3.50988    -3.50792  0.00892739
         458    -3.43455    -3.50776  0.00890933
         459    -3.43121     -3.5076  0.00889148
         460    -3.46136    -3.50749  0.00887272
         461    -3.46115    -3.50739  0.00885404
         462    -3.36999     -3.5071  0.00883987
         463    -3.33693    -3.50673  0.00882842
         464     -3.3645    -3.50642  0.00881471
         465    -3.43334    -3.50627  0.00879715
         466    -3.39246    -3.50602  0.00878167
         467    -3.41186    -3.50582  0.00876518
         468    -3.47224    -3.50575  0.00874674
         469    -3.45394    -3.50564  0.00872879
         470    -3.38258    -3.50538  0.00871414
         471    -3.34824    -3.50504  0.00870203
         472     -3.2837    -3.50457  0.00869621
         473    -3.18485     -3.5039  0.00870406
         474    -3.37076    -3.50362  0.00869023
         475    -3.44192    -3.50349   0.0086729
         476    -3.36168    -3.50319   0.0086598
         477    -3.36967    -3.50291  0.00864617
         478    -3.35052    -3.50259  0.00863395
         479    -3.25894    -3.50208   0.0086309
         480    -3.28449    -3.50163  0.00862481
         481    -3.20622    -3.50101  0.00862872
         482    -3.20972    -3.50041  0.00863196
         483    -3.25685     -3.4999   0.0086288
         484    -3.22439    -3.49934  0.00862973
         485    -3.31095    -3.49895  0.00862067
         486    -3.38247    -3.49871  0.00860627
         487    -3.35985    -3.49842  0.00859332
         488    -3.42284    -3.49827   0.0085771
         489    -3.42605    -3.49812  0.00856083
         490    -3.41306    -3.49795  0.00854512
         491     -3.4014    -3.49775  0.00852998
         492    -3.45576    -3.49766  0.00851307
         493    -3.41783     -3.4975  0.00849734
         494     -3.3618    -3.49723  0.00848458
         495    -3.38804    -3.49701  0.00847031
         496    -3.39088    -3.49679  0.00845593
         497    -3.39866     -3.4966  0.00844122
         498    -3.31957    -3.49624  0.00843175
         499    -3.39724    -3.49604  0.00841719
         500    -3.40118    -3.49585  0.00840249
         501    -3.37432    -3.49561  0.00838922
         502    -3.40388    -3.49543   0.0083745
         503    -3.37999     -3.4952    0.008361
         504    -3.41702    -3.49504  0.00834585
         505    -3.32972    -3.49471  0.00833574
         506    -3.40728    -3.49454  0.00832105
         507    -3.35383    -3.49426  0.00830927
         508    -3.39207    -3.49406  0.00829535
         509    -3.26341    -3.49361  0.00829142
         510    -3.26621    -3.49316  0.00828714
         511    -3.44316    -3.49307   0.0082715
         512    -3.36581    -3.49282  0.00825908
         513     -3.3874    -3.49261  0.00824553
         514    -3.50654    -3.49264  0.00822954
         515    -3.47213     -3.4926  0.00821365
         516    -3.48823    -3.49259  0.00819774
         517     -3.5069    -3.49262  0.00818193
         518    -3.42808    -3.49249  0.00816708
         519    -3.46824    -3.49245  0.00815148
         520    -3.41694     -3.4923   0.0081371
         521    -3.33626      -3.492  0.00812699
         522    -3.38068    -3.49179  0.00811422
         523    -3.26872    -3.49136  0.00810991
         524    -3.25777    -3.49092  0.00810667
         525    -3.28573    -3.49053  0.00810065
         526    -3.22453    -3.49002  0.00810102
         527    -3.19434    -3.48946  0.00810505
         528     -3.1241    -3.48877  0.00811919
         529    -3.17086    -3.48817  0.00812605
         530    -3.24773    -3.48771  0.00812337
         531    -3.24063    -3.48725  0.00812139
         532    -3.33437    -3.48696   0.0081112
         533     -3.3096    -3.48663  0.00810281
         534    -3.32489    -3.48632  0.00809329
         535    -3.43553    -3.48623  0.00807872
         536    -3.23378    -3.48576  0.00807737
         537    -3.25899    -3.48534  0.00807336
         538    -3.35749     -3.4851  0.00806185
         539    -3.26156    -3.48468  0.00805755
         540    -3.20968    -3.48417  0.00805871
         541    -3.24367    -3.48373  0.00805606
         542    -3.26853    -3.48333  0.00805098
         543     -3.2191    -3.48285  0.00805084
         544    -3.20535    -3.48234  0.00805219
         545    -3.19827    -3.48182  0.00805426
         546    -3.34634    -3.48157  0.00804333
         547    -3.39036     -3.4814  0.00803036
         548    -3.40912    -3.48127  0.00801679
         549    -3.35963    -3.48105  0.00800524
         550     -3.3117    -3.48074  0.00799661
         551    -3.29205     -3.4804  0.00798942
         552    -3.35255    -3.48016  0.00797831
         553    -3.18425    -3.47963   0.0079818
         554     -3.2454    -3.47921  0.00797859
         555    -3.32464    -3.47893  0.00796907
         556    -3.40756     -3.4788  0.00795577
         557    -3.35649    -3.47858  0.00794452
         558    -3.34199    -3.47834  0.00793405
         559    -3.30915    -3.47803  0.00792563
         560    -3.31699    -3.47775  0.00791669
         561    -3.24585    -3.47733  0.00791336
         562    -3.25116    -3.47693  0.00790951
         563    -3.26578    -3.47655  0.00790435
         564    -3.29719    -3.47624  0.00789673
         565    -3.30745    -3.47594   0.0078884
         566    -3.24448    -3.47553  0.00788506
         567    -3.25509    -3.47514  0.00788073
         568    -3.27958     -3.4748  0.00787437
         569    -3.27435    -3.47444  0.00786841
         570    -3.32685    -3.47418  0.00785886
         571    -3.32957    -3.47393  0.00784918
         572    -3.26398    -3.47356  0.00784403
         573    -3.32033     -3.4733   0.0078349
         574    -3.29767    -3.47299  0.00782722
         575    -3.26218    -3.47262  0.00782219
         576    -3.18178    -3.47212  0.00782489
         577    -3.23609    -3.47171  0.00782202
         578    -3.20876    -3.47126   0.0078217
         579    -3.25343    -3.47088  0.00781724
         580    -3.25804    -3.47051  0.00781237
         581     -3.3181    -3.47025  0.00780332
         582    -3.38302     -3.4701  0.00779136
         583     -3.3829    -3.46995  0.00777943
         584    -3.41102    -3.46985  0.00776676
         585    -3.38392     -3.4697  0.00775487
         586    -3.40694     -3.4696  0.00774238
         587    -3.44291    -3.46955  0.00772932
         588    -3.46477    -3.46954  0.00771618
         589    -3.45632    -3.46952  0.00770311
         590    -3.34716    -3.46931  0.00769285
         591    -3.29481    -3.46902   0.0076855
         592    -3.28757    -3.46871  0.00767862
         593    -3.26606    -3.46837  0.00767328
         594    -3.29637    -3.46808  0.00766582
         595    -3.22539    -3.46767  0.00766378
         596    -3.26334    -3.46733  0.00765858
         597    -3.26838      -3.467    0.007653
         598      -3.337    -3.46678  0.00764329
         599    -3.45176    -3.46675  0.00763057
         600     -3.5042    -3.46682  0.00761811
         601    -3.43358    -3.46676  0.00760564
         602      -3.351    -3.46657  0.00759543
         603    -3.37564    -3.46642  0.00758433
         604    -3.42452    -3.46635  0.00757209
         605    -3.33672    -3.46613  0.00756261
         606    -3.35547    -3.46595  0.00755233
         607    -3.27521    -3.46564  0.00754642
         608    -3.25813    -3.46529  0.00754173
         609    -3.27553    -3.46498  0.00753578
         610    -3.33362    -3.46477   0.0075265
         611    -3.38952    -3.46464  0.00751519
         612    -3.41138    -3.46456  0.00750341
         613    -3.44412    -3.46452  0.00749125
         614    -3.35049    -3.46434  0.00748135
         615     -3.4479    -3.46431  0.00746923
         616    -3.37648    -3.46417  0.00745847
         617    -3.40141    -3.46407  0.00744707
         618    -3.34414    -3.46387  0.00743755
         619    -3.25527    -3.46354  0.00743317
         620    -3.28675    -3.46325  0.00742664
         621    -3.32214    -3.46302  0.00741816
         622    -3.29445    -3.46275  0.00741118
         623    -3.36224    -3.46259  0.00740104
         624    -3.34429     -3.4624  0.00739161
         625    -3.33809     -3.4622  0.00738246
         626    -3.27986    -3.46191  0.00737641
         627    -3.32595     -3.4617  0.00736783
         628    -3.34199     -3.4615  0.00735856
         629     -3.3809    -3.46138  0.00734798
         630    -3.38676    -3.46126  0.00733727
         631    -3.26671    -3.46095  0.00733212
         632    -3.23245    -3.46059  0.00732943
         633    -3.21203     -3.4602  0.00732836
         634    -3.20308    -3.45979  0.00732801
         635    -3.24751    -3.45946  0.00732409
         636    -3.16103    -3.45899  0.00732759
         637    -3.20632    -3.45859  0.00732682
         638    -3.22796    -3.45823  0.00732425
         639    -3.27752    -3.45795  0.00731824
         640    -3.24648    -3.45762  0.00731426
         641    -3.20007    -3.45721  0.00731388
         642    -3.21387    -3.45683   0.0073123
         643    -3.28038    -3.45656  0.00730608
         644    -3.19017    -3.45615  0.00730643
         645    -3.14593    -3.45567  0.00731092
         646    -3.26356    -3.45537  0.00730565
         647    -3.41938    -3.45531  0.00729457
         648    -3.47146    -3.45534  0.00728335
         649    -3.42511    -3.45529  0.00727228
         650    -3.28115    -3.45502  0.00726602
         651    -3.21731    -3.45466  0.00726403
         652    -3.20033    -3.45427  0.00726336
         653    -3.18958    -3.45386  0.00726353
         654    -3.21753     -3.4535  0.00726141
         655    -3.09657    -3.45296  0.00727074
         656    -3.17662    -3.45253  0.00727185
         657    -3.23388     -3.4522  0.00726839
         658    -3.18416    -3.45179  0.00726876
         659    -3.19458     -3.4514   0.0072682
         660    -3.25203     -3.4511  0.00726346
         661     -3.2378    -3.45078  0.00725964
         662    -3.38433    -3.45068  0.00724936
         663    -3.26709     -3.4504  0.00724372
         664    -3.33035    -3.45022  0.00723506
         665    -3.28755    -3.44998  0.00722832
         666    -3.27269    -3.44971  0.00722236
         667    -3.14483    -3.44925  0.00722599
         668    -3.05711    -3.44867  0.00723897
         669    -3.08251    -3.44812  0.00724882
         670    -3.19975    -3.44775  0.00724747
         671    -3.23218    -3.44743  0.00724379
         672    -3.30907    -3.44722  0.00723593
         673    -3.28713    -3.44698  0.00722909
         674    -3.37373    -3.44687  0.00721918
         675    -3.37879    -3.44677  0.00720919
         676     -3.4086    -3.44672  0.00719875
         677    -3.35408    -3.44658  0.00718941
         678    -3.39051     -3.4465  0.00717928
         679    -3.40638    -3.44644  0.00716895
         680    -3.42123     -3.4464  0.00715851
         681    -3.46093    -3.44642  0.00714803
         682    -3.29636     -3.4462  0.00714093
         683    -3.39444    -3.44613  0.00713088
         684    -3.42466     -3.4461  0.00712052
         685    -3.46168    -3.44612  0.00711016
         686    -3.43073     -3.4461  0.00709984
         687    -3.32912    -3.44593  0.00709154
         688    -3.34223    -3.44578  0.00708284
         689    -3.42093    -3.44574  0.00707265
         690    -3.39061    -3.44566  0.00706285
         691    -3.36228    -3.44554  0.00705366
         692    -3.46379    -3.44556  0.00704351
         693    -3.51457    -3.44566  0.00703405
         694    -3.43464    -3.44565  0.00702394
         695    -3.39254    -3.44557  0.00701425
         696    -3.37918    -3.44548  0.00700482
         697    -3.31462    -3.44529  0.00699728
         698    -3.26636    -3.44503  0.00699195
         699    -3.25516    -3.44476  0.00698722
         700    -3.26932    -3.44451  0.00698174
         701    -3.36588     -3.4444  0.00697268
         702    -3.34813    -3.44426  0.00696409
         703    -3.30709    -3.44407  0.00695692
         704    -3.31476    -3.44388  0.00694946
         705    -3.33755    -3.44373  0.00694124
         706    -3.37272    -3.44363  0.00693214
         707    -3.36834    -3.44352  0.00692315
         708    -3.30315    -3.44333  0.00691621
         709    -3.31996    -3.44315  0.00690864
         710    -3.31856    -3.44298  0.00690114
         711    -3.15556    -3.44257  0.00690327
         712    -3.12706    -3.44213  0.00690778
         713    -3.15549    -3.44173  0.00690978
         714    -3.19935    -3.44139  0.00690843
         715    -3.13199    -3.44096  0.00691231
         716    -3.13141    -3.44052  0.00691616
         717    -3.20761     -3.4402  0.00691414
         718    -3.25987    -3.43995  0.00690907
         719    -3.29267    -3.43974   0.0069025
         720    -3.22516    -3.43944  0.00689934
         721     -3.2143    -3.43913  0.00689684
         722     -3.2142    -3.43882  0.00689432
         723    -3.25501    -3.43857  0.00688947
         724    -3.30799    -3.43839  0.00688231
         725     -3.2893    -3.43818  0.00687589
         726    -3.19024    -3.43784  0.00687489
         727    -3.20995    -3.43752  0.00687258
         728    -3.22491    -3.43723  0.00686934
         729    -3.14906    -3.43684  0.00687128
         730    -3.11659     -3.4364  0.00687586
         731    -3.08791    -3.43592  0.00688296
         732     -3.0283    -3.43537  0.00689605
         733    -3.02167     -3.4348   0.0069097
         734    -3.15357    -3.43442   0.0069109
         735    -3.14466    -3.43402  0.00691273
         736    -3.16523    -3.43366  0.00691298
         737    -3.16721     -3.4333  0.00691305
         738    -3.12711    -3.43288  0.00691612
         739    -3.06241    -3.43238   0.0069249
         740    -3.05745    -3.43187  0.00693406
         741     -3.1059    -3.43143  0.00693864
         742    -3.15055    -3.43106  0.00693961
         743    -3.27952    -3.43085  0.00693326
         744    -3.28886    -3.43066  0.00692657
         745    -3.29122    -3.43047   0.0069198
         746    -3.47304    -3.43053  0.00691076
         747    -3.43329    -3.43053  0.00690151
         748    -3.39423    -3.43049  0.00689245
         749    -3.45522    -3.43052  0.00688333
         750    -3.46468    -3.43056   0.0068743
         751    -3.49606    -3.43065   0.0068657
         752    -3.48716    -3.43073  0.00685699
         753    -3.38033    -3.43066  0.00684821
         754    -3.34747    -3.43055  0.00684001
         755    -3.35817    -3.43045  0.00683162
         756    -3.43107    -3.43045  0.00682259
         757    -3.43753    -3.43046  0.00681358
         758    -3.47486    -3.43052  0.00680484
         759    -3.44642    -3.43054  0.00679591
         760    -3.46274    -3.43059   0.0067871
         761    -3.40735    -3.43055  0.00677825
         762     -3.4148    -3.43053  0.00676939
         763    -3.35856    -3.43044  0.00676117
         764    -3.37764    -3.43037  0.00675268
         765    -3.27256    -3.43016    0.006747
         766    -3.38394     -3.4301  0.00673846
         767    -3.36325    -3.43002  0.00673024
         768    -3.35319    -3.42992  0.00672222
         769    -3.34977    -3.42981  0.00671429
         770    -3.24795    -3.42958  0.00670972
         771    -3.31815    -3.42943  0.00670257
         772    -3.34771    -3.42933  0.00669473
         773    -3.32721    -3.42919  0.00668737
         774    -3.37925    -3.42913  0.00667904
         775     -3.2976    -3.42896  0.00667258
         776    -3.29903    -3.42879  0.00666608
         777    -3.37262    -3.42872  0.00665789
         778    -3.42229    -3.42871  0.00664934
         779    -3.49389     -3.4288  0.00664133
         780    -3.46356    -3.42884  0.00663296
         781     -3.4845    -3.42891  0.00662485
         782    -3.46006    -3.42895   0.0066165
         783    -3.34521    -3.42884  0.00660892
         784    -3.40072    -3.42881  0.00660058
         785    -3.42918    -3.42881  0.00659218
         786    -3.45175    -3.42884  0.00658385
         787    -3.39483    -3.42879  0.00657563
         788    -3.34526    -3.42869  0.00656814
         789     -3.3593     -3.4286   0.0065604
         790    -3.36529    -3.42852  0.00655259
         791    -3.34831    -3.42842  0.00654509
         792    -3.37578    -3.42835  0.00653716
         793    -3.39091    -3.42831  0.00652909
         794    -3.35292    -3.42821  0.00652156
         795    -3.44842    -3.42824   0.0065134
         796     -3.4471    -3.42826  0.00650526
         797    -3.44542    -3.42828  0.00649714
         798     -3.3885    -3.42823  0.00648919
         799    -3.39292    -3.42819  0.00648122
         800    -3.43779     -3.4282  0.00647313
         801    -3.41681    -3.42819  0.00646506
         802    -3.40607    -3.42816  0.00645706
         803    -3.36108    -3.42807  0.00644956
         804    -3.25462    -3.42786  0.00644514
         805    -3.38667    -3.42781  0.00643734
         806    -3.44352    -3.42783  0.00642938
         807    -3.41171    -3.42781  0.00642144
         808    -3.49934     -3.4279  0.00641411
         809    -3.43358     -3.4279  0.00640618
         810    -3.46411    -3.42795  0.00639843
         811    -3.47192      -3.428  0.00639077
         812    -3.48616    -3.42807   0.0063833
         813    -3.62442    -3.42831  0.00638002
         814    -3.65341    -3.42859  0.00637817
         815    -3.61944    -3.42882  0.00637464
         816    -3.56146    -3.42899   0.0063689
         817    -3.60089     -3.4292  0.00636458
         818    -3.66658    -3.42949  0.00636341
         819      -3.627    -3.42973  0.00636021
         820    -3.54834    -3.42987   0.0063541
         821    -3.54648    -3.43002  0.00634795
         822    -3.48057    -3.43008  0.00634052
         823    -3.49814    -3.43016  0.00633336
         824    -3.36919    -3.43009   0.0063261
         825    -3.31065    -3.42994  0.00632009
         826    -3.39664     -3.4299  0.00631257
         827    -3.40568    -3.42987    0.006305
         828    -3.42753    -3.42987  0.00629739
         829    -3.39149    -3.42982  0.00628996
         830    -3.42177    -3.42981  0.00628239
         831     -3.4503    -3.42984  0.00627488
         832    -3.47898     -3.4299  0.00626762
         833    -3.44812    -3.42992  0.00626013
         834    -3.49534       -3.43  0.00625312
         835    -3.42009    -3.42999  0.00624564
         836    -3.49516    -3.43006  0.00623865
         837    -3.44843    -3.43008  0.00623124
         838    -3.38348    -3.43003  0.00622405
         839    -3.40174       -3.43  0.00621672
         840    -3.45684    -3.43003   0.0062094
         841     -3.4988    -3.43011  0.00620256
         842    -3.47049    -3.43016  0.00619538
         843    -3.46107    -3.43019  0.00618814
         844     -3.4235    -3.43019  0.00618081
         845    -3.40903    -3.43016  0.00617355
         846     -3.4587    -3.43019  0.00616634
         847    -3.48276    -3.43026  0.00615937
         848    -3.48408    -3.43032  0.00615244
         849    -3.49705     -3.4304  0.00614569
         850    -3.50351    -3.43048  0.00613906
         851    -3.40709    -3.43046  0.00613191
         852    -3.34547    -3.43036  0.00612553
         853    -3.32719    -3.43024  0.00611954
         854      -3.377    -3.43017  0.00611269
         855    -3.35676    -3.43009  0.00610614
         856     -3.2799    -3.42991  0.00610153
         857    -3.28981    -3.42975   0.0060966
         858    -3.27892    -3.42957  0.00609203
         859    -3.34101    -3.42947  0.00608581
         860    -3.33791    -3.42936  0.00607966
         861    -3.37193     -3.4293  0.00607297
         862    -3.35603    -3.42921  0.00606652
         863    -3.33893    -3.42911  0.00606039
         864    -3.36086    -3.42903  0.00605389
         865    -3.36727    -3.42896  0.00604731
         866    -3.28833     -3.4288  0.00604251
         867    -3.38385    -3.42874  0.00603576
         868    -3.44561    -3.42876  0.00602884
         869    -3.44876    -3.42879  0.00602195
         870    -3.53546    -3.42891  0.00601627
         871    -3.51649    -3.42901  0.00601021
         872    -3.44141    -3.42902  0.00600333
         873    -3.42521    -3.42902  0.00599646
         874    -3.46306    -3.42906  0.00598972
         875    -3.43186    -3.42906  0.00598288
         876      -3.409    -3.42904  0.00597609
         877    -3.34884    -3.42895  0.00596998
         878    -3.23789    -3.42873  0.00596714
         879    -3.32594    -3.42861   0.0059615
         880    -3.40495    -3.42859  0.00595479
         881    -3.47292    -3.42864  0.00594824
         882    -3.42432    -3.42863   0.0059415
         883    -3.36134    -3.42855  0.00593526
         884    -3.33806    -3.42845  0.00592943
         885    -3.28046    -3.42828  0.00592508
         886    -3.23833    -3.42807  0.00592227
         887    -3.28021     -3.4279  0.00591794
         888    -3.38093    -3.42785  0.00591151
         889     -3.3288    -3.42774  0.00590591
         890    -3.27009    -3.42756  0.00590193
         891    -3.36509    -3.42749  0.00589573
         892    -3.31126    -3.42736  0.00589056
         893    -3.10198      -3.427  0.00589522
         894    -3.26832    -3.42682   0.0058913
         895    -3.19502    -3.42656   0.0058904
         896    -3.28158     -3.4264  0.00588605
         897    -3.29835    -3.42626  0.00588122
         898    -3.28361     -3.4261  0.00587682
         899    -3.33519      -3.426  0.00587115
         900    -3.39704    -3.42596  0.00586471
         901    -3.41815    -3.42596  0.00585821
         902    -3.42065    -3.42595  0.00585172
         903    -3.47573      -3.426   0.0058455
         904    -3.34557    -3.42592  0.00583971
         905    -3.42237    -3.42591  0.00583326
         906     -3.4441    -3.42593  0.00582685
         907    -3.40392    -3.42591  0.00582048
         908    -3.32156    -3.42579   0.0058152
         909    -3.34792    -3.42571  0.00580944
         910     -3.3601    -3.42564   0.0058035
         911    -3.37897    -3.42558  0.00579736
         912    -3.42248    -3.42558    0.005791
         913    -3.37037    -3.42552  0.00578497
         914     -3.3297    -3.42542  0.00577959
         915    -3.36923    -3.42535   0.0057736
         916    -3.44828    -3.42538  0.00576736
         917    -3.42547    -3.42538  0.00576107
         918    -3.36462    -3.42531  0.00575517
         919    -3.33362    -3.42521  0.00574977
         920    -3.32772    -3.42511   0.0057445
         921    -3.39867    -3.42508  0.00573833
         922    -3.46544    -3.42512  0.00573228
         923    -3.39559    -3.42509  0.00572616
         924    -3.42085    -3.42509  0.00571996
         925    -3.37377    -3.42503  0.00571405
         926    -3.34035    -3.42494  0.00570861
         927    -3.30504    -3.42481  0.00570391
         928    -3.22294    -3.42459  0.00570191
         929    -3.30311    -3.42446  0.00569728
         930    -3.27029     -3.4243  0.00569356
         931     -3.3853    -3.42425   0.0056876
         932    -3.29605    -3.42412  0.00568316
         933    -3.41557    -3.42411  0.00567708
         934    -3.41979     -3.4241    0.005671
         935    -3.36694    -3.42404  0.00566526
         936    -3.35548    -3.42397  0.00565968
         937    -3.35572    -3.42389  0.00565411
         938    -3.29405    -3.42376  0.00564978
         939    -3.24071    -3.42356  0.00564713
         940    -3.27535     -3.4234  0.00564332
         941    -3.27877    -3.42325  0.00563941
         942    -3.34018    -3.42316  0.00563412
         943    -3.33229    -3.42307  0.00562897
         944    -3.29035    -3.42292  0.00562476
         945    -3.31932    -3.42282  0.00561987
         946    -3.27598    -3.42266  0.00561608
         947    -3.27741    -3.42251  0.00561224
         948    -3.36237    -3.42244  0.00560668
         949     -3.4102    -3.42243  0.00560079
         950    -3.43035    -3.42244   0.0055949
         951    -3.45302    -3.42247  0.00558911
         952     -3.4577    -3.42251  0.00558336
         953    -3.49791    -3.42259  0.00557806
         954    -3.46841    -3.42263  0.00557242
         955    -3.42789    -3.42264  0.00556659
         956    -3.43905    -3.42266  0.00556079
         957    -3.34208    -3.42257  0.00555562
         958    -3.33013    -3.42248  0.00555066
         959    -3.27329    -3.42232  0.00554705
         960    -3.28243    -3.42218  0.00554318
         961    -3.38251    -3.42213  0.00553757
         962    -3.37324    -3.42208  0.00553204
         963    -3.40766    -3.42207  0.00552632
         964    -3.35716      -3.422    0.005521
         965    -3.40952    -3.42199  0.00551529
         966      -3.337     -3.4219  0.00551028
         967    -3.42572     -3.4219  0.00550459
         968    -3.36149    -3.42184  0.00549925
         969    -3.47426     -3.4219  0.00549385
         970    -3.52532      -3.422  0.00548922
         971    -3.52686    -3.42211  0.00548463
         972    -3.53301    -3.42222  0.00548017
         973    -3.48099    -3.42229  0.00547487
         974     -3.4663    -3.42233  0.00546944
         975    -3.46894    -3.42238  0.00546403
         976    -3.45084    -3.42241  0.00545851
         977    -3.43361    -3.42242  0.00545294
         978    -3.40868     -3.4224  0.00544738
         979    -3.40969    -3.42239  0.00544183
         980    -3.49777    -3.42247  0.00543682
         981    -3.45397     -3.4225  0.00543138
         982    -3.46656    -3.42255  0.00542603
         983     -3.3432    -3.42246  0.00542111
         984    -3.44405    -3.42249  0.00541565
         985     -3.3698    -3.42243  0.00541041
         986    -3.42531    -3.42244  0.00540493
         987    -3.35965    -3.42237  0.00539982
         988    -3.30418    -3.42225  0.00539568
         989    -3.29577    -3.42213  0.00539174
         990    -3.30716    -3.42201  0.00538755
         991    -3.26344    -3.42185  0.00538449
         992    -3.34468    -3.42177  0.00537962
         993    -3.21752    -3.42157  0.00537813
         994    -3.13038    -3.42127   0.0053807
         995    -3.28319    -3.42113  0.00537708
         996    -3.23721    -3.42095  0.00537485
         997    -3.28037    -3.42081  0.00537131
         998    -3.34255    -3.42073   0.0053665
         999    -3.34444    -3.42065  0.00536167
        1000    -3.28387    -3.42052  0.00535805
        1001    -3.31611    -3.42041  0.00535371
        1002    -3.37698    -3.42037  0.00534855
        1003    -3.40841    -3.42036  0.00534323
        1004    -3.32857    -3.42027  0.00533869
        1005    -3.44679    -3.42029  0.00533344
        1006    -3.39488    -3.42027   0.0053282
        1007    -3.48922    -3.42034  0.00532335
        1008    -3.50914    -3.42042  0.00531879
        1009    -3.53564    -3.42054  0.00531475
        1010    -3.45763    -3.42057  0.00530961
        1011    -3.52795    -3.42068  0.00530542
        1012    -3.60092    -3.42086  0.00530317
        1013    -3.58925    -3.42102  0.00530054
        1014    -3.52741    -3.42113  0.00529635
        1015    -3.53969    -3.42125  0.00529242
        1016    -3.46146    -3.42129  0.00528736
        1017    -3.42202    -3.42129  0.00528216
        1018    -3.41585    -3.42128  0.00527697
        1019    -3.42031    -3.42128   0.0052718
        1020    -3.49248    -3.42135  0.00526709
        1021    -3.42579    -3.42135  0.00526193
        1022    -3.48027    -3.42141   0.0052571
        1023    -3.33095    -3.42132   0.0052527
        1024    -3.39226     -3.4213  0.00524765
        1025    -3.31154    -3.42119  0.00524362
        1026    -3.31207    -3.42108  0.00523959
        1027    -3.35592    -3.42102  0.00523487
        1028    -3.32626    -3.42093  0.00523059
        1029    -3.37966    -3.42089  0.00522566
        1030    -3.34942    -3.42082  0.00522105
        1031    -3.39366    -3.42079  0.00521605
        1032    -3.34862    -3.42072  0.00521147
        1033    -3.30855    -3.42061  0.00520755
        1034    -3.30679     -3.4205  0.00520368
        1035    -3.37509    -3.42046  0.00519884
        1036     -3.2867    -3.42033  0.00519542
        1037    -3.25604    -3.42017  0.00519283
        1038    -3.32629    -3.42008  0.00518861
        1039    -3.32209    -3.41999  0.00518448
        1040    -3.29524    -3.41987  0.00518088
        1041    -3.36189    -3.41981   0.0051762
        1042    -3.34083    -3.41973  0.00517179
        1043    -3.41187    -3.41973  0.00516683
        1044    -3.29855    -3.41961  0.00516319
        1045    -3.26566    -3.41946  0.00516035
        1046    -3.35178     -3.4194  0.00515582
        1047    -3.33883    -3.41932  0.00515147
        1048    -3.29739    -3.41921  0.00514787
        1049    -3.31912    -3.41911  0.00514385
        1050    -3.46295    -3.41915  0.00513912
        1051    -3.54754    -3.41927  0.00513568
        1052    -3.49945    -3.41935  0.00513136
        1053     -3.4826    -3.41941  0.00512684
        1054    -3.40894     -3.4194  0.00512199
        1055    -3.37007    -3.41935  0.00511734
        1056    -3.41437    -3.41935   0.0051125
        1057    -3.43122    -3.41936  0.00510768
        1058    -3.54041    -3.41947  0.00510413
        1059    -3.53959    -3.41959  0.00510057
        1060      -3.531    -3.41969  0.00509684
        1061    -3.52616    -3.41979  0.00509303
        1062    -3.44967    -3.41982  0.00508831
        1063    -3.44361    -3.41984  0.00508357
        1064    -3.42333    -3.41985  0.00507879
        1065     -3.4821    -3.41991  0.00507436
        1066    -3.41169     -3.4199  0.00506961
        1067    -3.54624    -3.42002  0.00506624
        1068    -3.51519    -3.42011  0.00506228
        1069    -3.50164    -3.42018  0.00505812
        1070      -3.421    -3.42018  0.00505339
        1071    -3.35664    -3.42012  0.00504902
        1072    -3.46493    -3.42016  0.00504448
        1073    -3.49349    -3.42023  0.00504024
        1074     -3.5091    -3.42032  0.00503623
        1075    -3.47053    -3.42036  0.00503176
        1076    -3.32507    -3.42027  0.00502787
        1077    -3.43536    -3.42029  0.00502322
        1078    -3.44766    -3.42031  0.00501862
        1079    -3.42825    -3.42032  0.00501397
        1080    -3.37972    -3.42028  0.00500947
        1081    -3.38088    -3.42025  0.00500497
        1082    -3.34766    -3.42018   0.0050008
        1083    -3.42526    -3.42018  0.00499618
        1084    -3.39263    -3.42016  0.00499164
        1085       -3.39    -3.42013  0.00498711
        1086    -3.41333    -3.42012  0.00498252
        1087    -3.35542    -3.42007   0.0049783
        1088    -3.37421    -3.42002   0.0049739
        1089    -3.37279    -3.41998  0.00496952
        1090     -3.4459       -3.42  0.00496502
        1091    -3.42108       -3.42  0.00496047
        1092    -3.41109       -3.42  0.00495593
        1093    -3.52475    -3.42009  0.00495232
        1094    -3.45634    -3.42013  0.00494791
        1095    -3.45282    -3.42016  0.00494348
        1096      -3.419    -3.42015  0.00493897
        1097    -3.33885    -3.42008  0.00493502
        1098    -3.28163    -3.41995  0.00493214
        1099    -3.33386    -3.41988  0.00492827
        1100    -3.41486    -3.41987   0.0049238
        1101    -3.45113     -3.4199  0.00491941
        1102     -3.4434    -3.41992  0.00491499
        1103    -3.36991    -3.41988  0.00491074
        1104    -3.25658    -3.41973  0.00490852
        1105    -3.34988    -3.41966  0.00490448
        1106    -3.41487    -3.41966  0.00490005
        1107    -3.51682    -3.41975  0.00489641
        1108    -3.53233    -3.41985  0.00489305
        1109    -3.46195    -3.41989  0.00488878
        1110    -3.29803    -3.41978  0.00488561
        1111    -3.33127     -3.4197  0.00488186
        1112    -3.41428    -3.41969  0.00487747
        1113    -3.36632    -3.41965  0.00487333
        1114    -3.44484    -3.41967    0.004869
        1115    -3.45619     -3.4197  0.00486475
        1116    -3.48051    -3.41975  0.00486069
        1117    -3.49559    -3.41982  0.00485682
        1118    -3.42577    -3.41983  0.00485248
        1119    -3.37868    -3.41979  0.00484828
        1120    -3.29543    -3.41968  0.00484522
        1121    -3.30177    -3.41958  0.00484204
        1122    -3.25762    -3.41943  0.00483988
        1123    -3.28717    -3.41931    0.004837
        1124    -3.29026     -3.4192  0.00483406
        1125     -3.3019    -3.41909  0.00483089
        1126    -3.34108    -3.41902  0.00482709
        1127    -3.39922    -3.41901  0.00482284
        1128    -3.44447    -3.41903  0.00481862
        1129    -3.49541     -3.4191  0.00481483
        1130     -3.4913    -3.41916  0.00481099
        1131    -3.48426    -3.41922  0.00480708
        1132     -3.5603    -3.41934  0.00480445
        1133    -3.51352    -3.41943  0.00480093
        1134    -3.55793    -3.41955  0.00479825
        1135     -3.4905    -3.41961  0.00479443
        1136    -3.44165    -3.41963  0.00479024
        1137    -3.45021    -3.41966  0.00478611
        1138    -3.38194    -3.41962  0.00478202
        1139    -3.38958     -3.4196  0.00477789
        1140     -3.2676    -3.41946  0.00477556
        1141    -3.16946    -3.41925   0.0047764
        1142     -3.2423    -3.41909  0.00477473
        1143    -3.35368    -3.41903  0.00477089
        1144    -3.36887    -3.41899  0.00476692
        1145    -3.25698    -3.41885  0.00476486
        1146    -3.34237    -3.41878  0.00476117
        1147    -3.31286    -3.41869  0.00475791
        1148    -3.33988    -3.41862  0.00475426
        1149    -3.40961    -3.41861  0.00475013
        1150    -3.51336    -3.41869  0.00474672
        1151    -3.56946    -3.41883   0.0047444
        1152    -3.51525    -3.41891  0.00474102
        1153    -3.42571    -3.41892  0.00473691
        1154    -3.47559    -3.41896  0.00473306
        1155    -3.42636    -3.41897  0.00472897
        1156    -3.42475    -3.41898  0.00472488
        1157    -3.47077    -3.41902  0.00472101
        1158    -3.47878    -3.41907  0.00471721
        1159    -3.49963    -3.41914  0.00471366
        1160    -3.56061    -3.41926  0.00471117
        1161    -3.58954    -3.41941  0.00470939
        1162     -3.5585    -3.41953  0.00470686
        1163    -3.57574    -3.41966  0.00470473
        1164    -3.56953    -3.41979  0.00470245
        1165    -3.53666    -3.41989  0.00469948
        1166    -3.46347    -3.41993   0.0046956
        1167    -3.49521       -3.42  0.00469202
        1168    -3.55182    -3.42011  0.00468936
        1169    -3.45318    -3.42014  0.00468544
        1170    -3.47778    -3.42019  0.00468169
        1171    -3.49287    -3.42025   0.0046781
        1172    -3.53875    -3.42035   0.0046752
        1173    -3.45662    -3.42038  0.00467132
        1174     -3.4908    -3.42044  0.00466773
        1175    -3.48131    -3.42049  0.00466404
        1176     -3.5199    -3.42058  0.00466084
        1177    -3.40923    -3.42057  0.00465689
        1178    -3.44381    -3.42059  0.00465298
        1179    -3.48009    -3.42064  0.00464931
        1180    -3.50544    -3.42071  0.00464592
        1181    -3.42655    -3.42071  0.00464199
        1182    -3.45239    -3.42074  0.00463814
        1183    -3.39895    -3.42072  0.00463426
        1184    -3.34309    -3.42066  0.00463081
        1185    -3.34596    -3.42059  0.00462733
        1186    -3.31587    -3.42051  0.00462427
        1187    -3.30998    -3.42041  0.00462131
        1188    -3.36562    -3.42037  0.00461765
        1189    -3.32169    -3.42028  0.00461451
        1190    -3.30958    -3.42019  0.00461157
        1191    -3.32069    -3.42011  0.00460846
        1192    -3.27706    -3.41999  0.00460615
        1193    -3.20943    -3.41981  0.00460567
        1194    -3.26311    -3.41968  0.00460369
        1195    -3.18588    -3.41948  0.00460399
        1196    -3.19158    -3.41929  0.00460408
        1197    -3.22329    -3.41913  0.00460314
        1198    -3.23532    -3.41898  0.00460186
        1199    -3.21538    -3.41881  0.00460115
        1200    -3.28853     -3.4187   0.0045986
        1201    -3.33752    -3.41863  0.00459527
        1202    -3.41858    -3.41863  0.00459144
        1203    -3.44849    -3.41865  0.00458769
        1204     -3.4645    -3.41869  0.00458404
        1205    -3.39316    -3.41867  0.00458029
        1206    -3.36902    -3.41863  0.00457667
        1207    -3.29767    -3.41853  0.00457398
        1208    -3.29915    -3.41843  0.00457126
        1209     -3.2477    -3.41829  0.00456966
        1210    -3.29435    -3.41819  0.00456703
        1211    -3.35339    -3.41813  0.00456357
        1212    -3.30136    -3.41804  0.00456082
        1213    -3.11503    -3.41779   0.0045639
        1214    -3.25604    -3.41765  0.00456209
        1215    -3.36783    -3.41761  0.00455852
        1216    -3.34083    -3.41755   0.0045552
        1217    -3.29253    -3.41745  0.00455262
        1218    -3.28477    -3.41734  0.00455018
        1219    -3.26514    -3.41721  0.00454816
        1220    -3.17448    -3.41701  0.00454879
        1221    -3.18955    -3.41683  0.00454887
        1222    -3.30104    -3.41673  0.00454614
        1223    -3.15873    -3.41652  0.00454731
        1224    -3.23502    -3.41637  0.00454601
        1225     -3.2315    -3.41622  0.00454481
        1226    -3.25267    -3.41609  0.00454306
        1227    -3.17196    -3.41589  0.00454371
        1228    -3.26737    -3.41577  0.00454162
        1229    -3.25094    -3.41564   0.0045399
        1230    -3.28572    -3.41553  0.00453744
        1231    -3.25048     -3.4154  0.00453574
        1232    -3.40107    -3.41538  0.00453207
        1233    -3.33368    -3.41532  0.00452888
        1234    -3.39841     -3.4153  0.00452523
        1235    -3.45073    -3.41533  0.00452166
        1236    -3.44445    -3.41536  0.00451806
        1237    -3.36218    -3.41531  0.00451461
        1238    -3.29275    -3.41521  0.00451205
        1239    -3.33616    -3.41515  0.00450886
        1240    -3.19986    -3.41498  0.00450856
        1241    -3.14309    -3.41476  0.00451025
        1242     -3.1479    -3.41454  0.00451174
        1243    -3.03671    -3.41424  0.00451833
        1244    -3.01343    -3.41392  0.00452617
        1245    -3.19851    -3.41374  0.00452584
        1246    -3.27588    -3.41363  0.00452356
        1247    -3.32796    -3.41356  0.00452046
        1248    -3.27611    -3.41345  0.00451818
        1249    -3.28047    -3.41335  0.00451582
        1250    -3.27536    -3.41324  0.00451355
        1251     -3.2157    -3.41308   0.0045127
        1252    -3.21602    -3.41292  0.00451184
        1253    -3.26541     -3.4128  0.00450978
        1254    -3.31371    -3.41273  0.00450688
        1255    -3.20397    -3.41256  0.00450635
        1256    -3.19575    -3.41239  0.00450607
        1257    -3.23373    -3.41224  0.00450473
        1258    -3.23522     -3.4121  0.00450334
        1259    -3.11135    -3.41187   0.0045061
        1260    -3.14566    -3.41165  0.00450747
        1261    -3.20978    -3.41149  0.00450674
        1262    -3.23037    -3.41135  0.00450545
        1263    -3.20759    -3.41119  0.00450477
        1264    -3.27396    -3.41108  0.00450252
        1265    -3.28768    -3.41098  0.00450001
        1266    -3.26348    -3.41087  0.00449797
        1267    -3.38798    -3.41085  0.00449445
        1268    -3.40814    -3.41085  0.00449091
        1269    -3.41077    -3.41085  0.00448737
        1270    -3.40187    -3.41084  0.00448384
        1271     -3.4209    -3.41085  0.00448032
        1272    -3.42611    -3.41086  0.00447682
        1273    -3.47117    -3.41091  0.00447355
        1274    -3.36228    -3.41087   0.0044702
        1275    -3.43263    -3.41089  0.00446673
        1276    -3.39519    -3.41087  0.00446324
        1277    -3.40758    -3.41087  0.00445975
        1278    -3.34562    -3.41082  0.00445655
        1279    -3.31484    -3.41074   0.0044537
        1280    -3.24947    -3.41062    0.004452
        1281    -3.27911    -3.41052  0.00444971
        1282    -3.24909    -3.41039  0.00444802
        1283    -3.27019    -3.41028   0.0044459
        1284    -3.27572    -3.41018  0.00444367
        1285    -3.42158    -3.41018  0.00444022
        1286    -3.36308    -3.41015  0.00443692
        1287    -3.32959    -3.41009  0.00443391
        1288    -3.38085    -3.41006  0.00443053
        1289    -3.30956    -3.40998  0.00442778
        1290    -3.37473    -3.40996  0.00442443
        1291    -3.35293    -3.40991  0.00442122
        1292    -3.32681    -3.40985  0.00441827
        1293     -3.4123    -3.40985  0.00441485
        1294    -3.42414    -3.40986  0.00441145
        1295    -3.32371     -3.4098  0.00440855
        1296    -3.38857    -3.40978  0.00440518
        1297    -3.36487    -3.40974  0.00440192
        1298    -3.29897    -3.40966  0.00439935
        1299    -3.26786    -3.40955  0.00439732
        1300    -3.28565    -3.40945  0.00439497
        1301    -3.41686    -3.40946   0.0043916
        1302    -3.32279    -3.40939  0.00438873
        1303    -3.33332    -3.40934  0.00438575
        1304    -3.36423     -3.4093  0.00438252
        1305    -3.30642    -3.40922  0.00437987
        1306    -3.32704    -3.40916  0.00437697
        1307    -3.27809    -3.40906  0.00437477
        1308    -3.28156    -3.40896  0.00437251
        1309    -3.24306    -3.40883  0.00437101
        1310    -3.18163    -3.40866  0.00437111
        1311    -3.23173    -3.40853  0.00436986
        1312    -3.31303    -3.40845  0.00436713
        1313    -3.33473     -3.4084  0.00436417
        1314     -3.3193    -3.40833  0.00436137
        1315    -3.41162    -3.40833  0.00435806
        1316    -3.39787    -3.40832  0.00435475
        1317    -3.50785     -3.4084   0.0043521
        1318    -3.45023    -3.40843  0.00434892
        1319    -3.43539    -3.40845  0.00434567
        1320    -3.40561    -3.40845  0.00434237
        1321    -3.34454     -3.4084  0.00433936
        1322    -3.42278    -3.40841  0.00433609
        1323    -3.28418    -3.40832  0.00433383
        1324    -3.43268    -3.40834  0.00433059
        1325    -3.52974    -3.40843  0.00432829
        1326    -3.51746    -3.40851  0.00432581
        1327    -3.43002    -3.40853  0.00432258
        1328     -3.3933    -3.40851  0.00431934
        1329    -3.31112    -3.40844  0.00431671
        1330    -3.33485    -3.40839  0.00431382
        1331    -3.29164     -3.4083  0.00431147
        1332    -3.33829    -3.40825  0.00430856
        1333    -3.40208    -3.40824  0.00430533
        1334    -3.30353    -3.40816  0.00430282
        1335    -3.34878    -3.40812  0.00429982
        1336    -3.32209    -3.40805  0.00429709
        1337     -3.3073    -3.40798  0.00429453
        1338    -3.32457    -3.40792  0.00429177
        1339     -3.3868     -3.4079   0.0042886
        1340    -3.44206    -3.40793  0.00428547
        1341    -3.43428    -3.40795  0.00428232
        1342     -3.4688    -3.40799  0.00427937
        1343    -3.46893    -3.40804  0.00427643
        1344    -3.26663    -3.40793  0.00427454
        1345    -3.28493    -3.40784  0.00427234
        1346    -3.36073     -3.4078  0.00426931
        1347    -3.29117    -3.40772  0.00426702
        1348    -3.36919    -3.40769  0.00426395
        1349    -3.31699    -3.40762  0.00426132
        1350    -3.38765    -3.40761  0.00425819
        1351    -3.41037    -3.40761  0.00425503
        1352    -3.50639    -3.40768  0.00425251
        1353    -3.45966    -3.40772  0.00424954
        1354    -3.47305    -3.40777  0.00424668
        1355     -3.4894    -3.40783  0.00424397
        1356    -3.48919    -3.40789  0.00424127
        1357    -3.45881    -3.40793  0.00423831
        1358    -3.37997    -3.40791  0.00423524
        1359    -3.40888    -3.40791  0.00423212
        1360    -3.39772     -3.4079  0.00422902
        1361    -3.33465    -3.40785  0.00422625
        1362      -3.381    -3.40783  0.00422319
        1363    -3.19952    -3.40767  0.00422286
        1364    -3.09716    -3.40745   0.0042259
        1365    -3.04699    -3.40718  0.00423104
        1366    -3.12866    -3.40698  0.00423285
        1367    -3.28553    -3.40689  0.00423069
        1368    -3.38404    -3.40687  0.00422763
        1369    -3.28165    -3.40678  0.00422553
        1370    -3.26106    -3.40667  0.00422379
        1371    -3.30778     -3.4066  0.00422132
        1372    -3.29969    -3.40652  0.00421896
        1373    -3.36719     -3.4065  0.00421599
        1374    -3.37266    -3.40647  0.00421299
        1375    -3.22071    -3.40634  0.00421209
        1376    -3.26293    -3.40623  0.00421032
        1377    -3.25424    -3.40612  0.00420871
        1378    -3.28124    -3.40603  0.00420663
        1379    -3.38987    -3.40602   0.0042036
        1380     -3.5787    -3.40614  0.00420241
        1381    -3.51643    -3.40622  0.00420013
        1382    -3.49196    -3.40629  0.00419755
        1383    -3.49635    -3.40635  0.00419502
        1384    -3.50346    -3.40642  0.00419257
        1385    -3.52642    -3.40651  0.00419044
        1386     -3.5833    -3.40664  0.00418936
        1387    -3.54494    -3.40674  0.00418753
        1388    -3.52384    -3.40682  0.00418536
        1389    -3.52929    -3.40691  0.00418327
        1390    -3.53057      -3.407  0.00418121
        1391     -3.5429    -3.40709  0.00417935
        1392    -3.52658    -3.40718  0.00417722
        1393    -3.42991     -3.4072  0.00417426
        1394    -3.39466    -3.40719  0.00417127
        1395    -3.40067    -3.40718  0.00416829
        1396    -3.40692    -3.40718   0.0041653
        1397    -3.39771    -3.40718  0.00416232
        1398    -3.44945    -3.40721  0.00415946
        1399    -3.49852    -3.40727  0.00415699
        1400    -3.54027    -3.40737  0.00415511
        1401    -3.51678    -3.40744  0.00415288
        1402    -3.55249    -3.40755  0.00415121
        1403    -3.48653     -3.4076  0.00414863
        1404    -3.41176    -3.40761  0.00414567
        1405    -3.39385     -3.4076  0.00414274
        1406    -3.34204    -3.40755  0.00414005
        1407    -3.33444     -3.4075  0.00413743
        1408    -3.26078    -3.40739  0.00413581
        1409    -3.39351    -3.40738  0.00413288
        1410    -3.38994    -3.40737  0.00412997
        1411    -3.40784    -3.40737  0.00412705
        1412    -3.41054    -3.40737  0.00412412
        1413    -3.37565    -3.40735  0.00412127
        1414    -3.40629    -3.40735  0.00411835
        1415    -3.40833    -3.40735  0.00411544
        1416      -3.456    -3.40739  0.00411268
        1417    -3.44465    -3.40741  0.00410986
        1418    -3.49982    -3.40748  0.00410748
        1419    -3.50604    -3.40755  0.00410517
        1420    -3.41502    -3.40755  0.00410228
        1421    -3.41343    -3.40756   0.0040994
        1422    -3.43602    -3.40758  0.00409656
        1423    -3.41969    -3.40759  0.00409369
        1424    -3.50564    -3.40765   0.0040914
        1425    -3.47556     -3.4077   0.0040888
        1426    -3.46358    -3.40774  0.00408612
        1427     -3.4945     -3.4078  0.00408371
        1428    -3.51069    -3.40787  0.00408149
        1429    -3.44576     -3.4079  0.00407872
        1430    -3.46914    -3.40794  0.00407609
        1431    -3.44835    -3.40797  0.00407334
        1432    -3.39685    -3.40796   0.0040705
        1433    -3.46621      -3.408  0.00406787
        1434    -3.52299    -3.40808  0.00406582
        1435    -3.45157    -3.40812   0.0040631
        1436    -3.34955    -3.40807  0.00406047
        1437    -3.28056    -3.40799  0.00405862
        1438    -3.31638    -3.40792   0.0040563
        1439    -3.48614    -3.40798  0.00405384
        1440    -3.36538    -3.40795  0.00405113
        1441    -3.34309     -3.4079  0.00404857
        1442    -3.43857    -3.40792  0.00404582
        1443    -3.46673    -3.40796  0.00404322
        1444    -3.43612    -3.40798  0.00404047
        1445    -3.26007    -3.40788  0.00403897
        1446    -3.29599     -3.4078  0.00403692
        1447    -3.27895    -3.40771  0.00403511
        1448    -3.22695    -3.40759  0.00403425
        1449    -3.25924    -3.40749  0.00403277
        1450    -3.35395    -3.40745  0.00403016
        1451    -3.21225    -3.40732  0.00402962
        1452    -3.25918    -3.40721  0.00402814
        1453    -3.22711    -3.40709  0.00402727
        1454    -3.22809    -3.40697  0.00402639
        1455    -3.20598    -3.40683  0.00402599
        1456    -3.06985     -3.4066  0.00402987
        1457    -3.09794    -3.40639  0.00403267
        1458    -3.27116    -3.40629  0.00403097
        1459    -3.33247    -3.40624  0.00402852
        1460     -3.3255    -3.40619  0.00402614
        1461    -3.29563    -3.40611   0.0040241
        1462    -3.29546    -3.40604  0.00402206
        1463     -3.3376    -3.40599  0.00401958
        1464    -3.31284    -3.40592  0.00401734
        1465    -3.29571    -3.40585   0.0040153
        1466    -3.30114    -3.40578   0.0040132
        1467    -3.34231    -3.40573  0.00401069
        1468     -3.2953    -3.40566  0.00400867
        1469    -3.26623    -3.40556  0.00400706
        1470    -3.18327    -3.40541  0.00400719
        1471    -3.18101    -3.40526  0.00400737
        1472    -3.06912    -3.40503  0.00401115
        1473    -3.05048    -3.40479  0.00401564
        1474       -3.16    -3.40463  0.00401635
        1475    -3.09601    -3.40442  0.00401907
        1476    -3.12563    -3.40423  0.00402078
        1477    -3.06682      -3.404  0.00402454
        1478    -3.18279    -3.40385   0.0040246
        1479    -3.20959    -3.40372  0.00402403
        1480    -3.11817    -3.40353  0.00402593
        1481    -3.16637    -3.40337  0.00402639
        1482    -3.24326    -3.40326  0.00402513
        1483     -3.2588    -3.40316  0.00402359
        1484    -3.32741    -3.40311   0.0040212
        1485    -3.31139    -3.40305  0.00401897
        1486    -3.32244    -3.40299  0.00401663
        1487    -3.31907    -3.40294  0.00401433
        1488    -3.35106     -3.4029  0.00401178
        1489    -3.32351    -3.40285  0.00400944
        1490    -3.28289    -3.40277  0.00400756
        1491    -3.26728    -3.40268   0.0040059
        1492    -3.31858    -3.40262  0.00400361
        1493    -3.32388    -3.40257  0.00400128
        1494    -3.36969    -3.40255  0.00399866
        1495    -3.32823     -3.4025  0.00399629
        1496    -3.32138    -3.40244  0.00399399
        1497    -3.43405    -3.40246  0.00399138
        1498    -3.42144    -3.40248  0.00398873
        1499    -3.31626    -3.40242  0.00398649
        1500    -3.36821     -3.4024  0.00398389
        1501    -3.33925    -3.40235  0.00398146
        1502     -3.2628    -3.40226   0.0039799
        1503    -3.17705    -3.40211  0.00398007
        1504    -3.17875    -3.40196  0.00398019
        1505    -3.16701    -3.40181  0.00398061
        1506    -3.13703    -3.40163  0.00398184
        1507    -3.19268    -3.40149  0.00398162
        1508     -3.2311    -3.40138  0.00398058
        1509    -3.27244    -3.40129  0.00397886
        1510    -3.38706    -3.40128  0.00397623
        1511    -3.38438    -3.40127  0.00397362
        1512     -3.4016    -3.40127  0.00397099
        1513    -3.32074    -3.40122  0.00396872
        1514    -3.29646    -3.40115   0.0039667
        1515    -3.33722    -3.40111  0.00396431
        1516    -3.25399    -3.40101  0.00396288
        1517    -3.37612    -3.40099   0.0039603
        1518    -3.42623    -3.40101  0.00395773
        1519    -3.38149      -3.401  0.00395515
        1520    -3.38486    -3.40099  0.00395256
        1521    -3.32532    -3.40094  0.00395027
        1522    -3.30838    -3.40088  0.00394814
        1523    -3.37274    -3.40086   0.0039456
        1524    -3.40513    -3.40086  0.00394301
        1525    -3.41691    -3.40087  0.00394044
        1526      -3.312    -3.40081  0.00393828
        1527    -3.38771     -3.4008  0.00393571
        1528    -3.32286    -3.40075  0.00393347
        1529     -3.2165    -3.40063  0.00393274
        1530    -3.36218    -3.40061  0.00393025
        1531    -3.37129    -3.40059  0.00392773
        1532    -3.36279    -3.40056  0.00392525
        1533    -3.32549    -3.40052  0.00392299
        1534    -3.29569    -3.40045  0.00392103
        1535     -3.1858    -3.40031  0.00392097
        1536    -3.26781    -3.40022  0.00391936
        1537    -3.17671    -3.40008  0.00391951
        1538     -3.2627    -3.39999  0.00391798
        1539    -3.23465    -3.39988  0.00391691
        1540    -3.14937    -3.39972  0.00391774
        1541    -3.16256    -3.39956  0.00391822
        1542    -3.19429    -3.39943  0.00391794
        1543      -3.265    -3.39934  0.00391637
        1544    -3.27272    -3.39926  0.00391469
        1545    -3.16565    -3.39911  0.00391507
        1546    -3.17136    -3.39896  0.00391531
        1547    -3.15572     -3.3988  0.00391594
        1548    -3.15792    -3.39865   0.0039165
        1549    -3.16476     -3.3985  0.00391688
        1550    -3.29305    -3.39843  0.00391494
        1551    -3.21667    -3.39831  0.00391417
        1552    -3.14809    -3.39815  0.00391497
        1553    -3.16386      -3.398  0.00391535
        1554    -3.23125    -3.39789   0.0039143
        1555    -3.21628    -3.39778  0.00391353
        1556     -3.2468    -3.39768  0.00391222
        1557    -3.28594    -3.39761  0.00391036
        1558    -3.26281    -3.39752  0.00390881
        1559    -3.37211     -3.3975  0.00390634
        1560    -3.29658    -3.39744  0.00390437
        1561    -3.27252    -3.39736  0.00390269
        1562    -3.25235    -3.39727  0.00390129
        1563    -3.31314    -3.39721  0.00389917
        1564    -3.25821    -3.39712  0.00389769
        1565    -3.25524    -3.39703  0.00389625
        1566    -3.15666    -3.39688  0.00389679
        1567    -3.25635    -3.39679  0.00389533
        1568    -3.34977    -3.39676  0.00389296
        1569    -3.38328    -3.39675  0.00389049
        1570    -3.39987    -3.39675  0.00388801
        1571    -3.24129    -3.39666   0.0038868
        1572    -3.25863    -3.39657  0.00388532
        1573    -3.26171    -3.39648  0.00388379
        1574    -3.25861    -3.39639  0.00388231
        1575     -3.3511    -3.39637  0.00387995
        1576    -3.42085    -3.39638  0.00387752
        1577    -3.39031    -3.39638  0.00387507
        1578    -3.43352     -3.3964  0.00387268
        1579     -3.4368    -3.39643  0.00387031
        1580    -3.38198    -3.39642  0.00386787
        1581    -3.39052    -3.39641  0.00386543
        1582    -3.33413    -3.39637  0.00386319
        1583    -3.38567    -3.39637  0.00386075
        1584    -3.39884    -3.39637  0.00385832
        1585     -3.3066    -3.39631   0.0038563
        1586    -3.43127    -3.39633  0.00385393
        1587    -3.51053    -3.39641  0.00385217
        1588    -3.47307    -3.39645  0.00385005
        1589    -3.49921    -3.39652  0.00384817
        1590    -3.50138    -3.39658  0.00384631
        1591    -3.47352    -3.39663   0.0038442
        1592    -3.55957    -3.39674  0.00384315
        1593     -3.5877    -3.39686   0.0038426
        1594    -3.63657    -3.39701  0.00384313
        1595    -3.70918     -3.3972  0.00384571
        1596    -3.58324    -3.39732  0.00384506
        1597    -3.51803    -3.39739   0.0038434
        1598    -3.46709    -3.39744  0.00384124
        1599     -3.5115    -3.39751   0.0038395
        1600    -3.47461    -3.39756   0.0038374
        1601    -3.56411    -3.39766  0.00383642
        1602    -3.58915    -3.39778  0.00383588
        1603    -3.59313     -3.3979  0.00383543
        1604    -3.66899    -3.39807  0.00383676
        1605    -3.57147    -3.39818  0.00383589
        1606    -3.55126    -3.39827  0.00383468
        1607    -3.51657    -3.39835    0.003833
        1608    -3.63252    -3.39849  0.00383338
        1609    -3.59182    -3.39861  0.00383288
        1610    -3.52538    -3.39869  0.00383131
        1611    -3.50125    -3.39876  0.00382946
        1612    -3.46532     -3.3988  0.00382731
        1613    -3.52727    -3.39888  0.00382577
        1614     -3.4443    -3.39891   0.0038235
        1615    -3.31475    -3.39885  0.00382149
        1616    -3.26858    -3.39877  0.00381997
        1617    -3.41366    -3.39878  0.00381762
        1618    -3.37189    -3.39877   0.0038153
        1619    -3.28002    -3.39869  0.00381365
        1620    -3.35231    -3.39866   0.0038114
        1621    -3.30977    -3.39861  0.00380944
        1622    -3.34151    -3.39857  0.00380726
        1623    -3.39315    -3.39857  0.00380491
        1624    -3.46905    -3.39861  0.00380282
        1625     -3.4235    -3.39863  0.00380051
        1626    -3.38264    -3.39862  0.00379818
        1627    -3.32519    -3.39857  0.00379612
        1628    -3.35678    -3.39855  0.00379387
        1629    -3.44142    -3.39857  0.00379163
        1630    -3.44662     -3.3986  0.00378942
        1631     -3.3898     -3.3986   0.0037871
        1632    -3.33795    -3.39856  0.00378496
        1633    -3.45737     -3.3986  0.00378282
        1634    -3.42915    -3.39862  0.00378055
        1635    -3.30168    -3.39856   0.0037787
        1636    -3.38162    -3.39855  0.00377641
        1637    -3.39551    -3.39854   0.0037741
        1638    -3.39217    -3.39854   0.0037718
        1639    -3.26171    -3.39846  0.00377042
        1640     -3.0794    -3.39826  0.00377314
        1641    -3.12203    -3.39809  0.00377459
        1642    -3.22365    -3.39799  0.00377379
        1643     -3.1687    -3.39785  0.00377407
        1644    -3.22622    -3.39774  0.00377322
        1645    -3.14165    -3.39759  0.00377413
        1646    -3.20706    -3.39747  0.00377361
        1647    -3.24428    -3.39738  0.00377247
        1648    -3.24555    -3.39729  0.00377131
        1649    -3.21647    -3.39718  0.00377061
        1650    -3.20285    -3.39706  0.00377017
        1651    -3.35174    -3.39703  0.00376798
        1652    -3.27542    -3.39696  0.00376642
        1653    -3.23024    -3.39686  0.00376549
        1654    -3.15489    -3.39671  0.00376606
        1655    -3.17641    -3.39658  0.00376613
        1656    -3.21296    -3.39647  0.00376549
        1657    -3.21864    -3.39636  0.00376475
        1658    -3.25905    -3.39628  0.00376339
        1659    -3.32141    -3.39623  0.00376139
        1660    -3.33551     -3.3962   0.0037593
        1661    -3.35362    -3.39617  0.00375712
        1662    -3.45449    -3.39621  0.00375503
        1663    -3.42102    -3.39622   0.0037528
        1664    -3.37299    -3.39621  0.00375057
        1665    -3.39237     -3.3962  0.00374832
        1666    -3.43189    -3.39623  0.00374613
        1667     -3.4266    -3.39624  0.00374393
        1668    -3.39798    -3.39624  0.00374168
        1669    -3.44286    -3.39627  0.00373954
        1670    -3.42629    -3.39629  0.00373735
        1671    -3.42143    -3.39631  0.00373514
        1672    -3.37799    -3.39629  0.00373292
        1673    -3.31589    -3.39625    0.003731
        1674    -3.38225    -3.39624  0.00372878
        1675    -3.46273    -3.39628  0.00372677
        1676    -3.49297    -3.39634  0.00372499
        1677    -3.45494    -3.39637  0.00372293
        1678    -3.46524    -3.39641  0.00372094
        1679    -3.50542    -3.39648  0.00371929
        1680    -3.45551    -3.39651  0.00371724
        1681    -3.55806    -3.39661  0.00371627
        1682    -3.47785    -3.39666  0.00371438
        1683    -3.37714    -3.39664  0.00371219
        1684    -3.38009    -3.39663     0.00371
        1685    -3.45074    -3.39667  0.00370794
        1686    -3.41958    -3.39668  0.00370576
        1687    -3.43379     -3.3967  0.00370363
        1688    -3.46184    -3.39674  0.00370164
        1689    -3.45541    -3.39678  0.00369961
        1690    -3.41864    -3.39679  0.00369744
        1691    -3.41186     -3.3968  0.00369527
        1692    -3.45676    -3.39683  0.00369325
        1693    -3.42296    -3.39685   0.0036911
        1694    -3.39904    -3.39685  0.00368892
        1695    -3.37104    -3.39683  0.00368678
        1696    -3.32439    -3.39679  0.00368485
        1697    -3.33142    -3.39675  0.00368288
        1698     -3.2567    -3.39667  0.00368164
        1699    -3.29086    -3.39661     0.00368
        1700    -3.28038    -3.39654  0.00367847
        1701    -3.30134    -3.39648  0.00367673
        1702    -3.34344    -3.39645   0.0036747
        1703    -3.38702    -3.39645  0.00367255
        1704    -3.46791    -3.39649  0.00367063
        1705    -3.47195    -3.39653  0.00366875
        1706    -3.43061    -3.39655  0.00366665
        1707    -3.43421    -3.39658  0.00366457
        1708    -3.47645    -3.39662  0.00366272
        1709     -3.4735    -3.39667  0.00366085
        1710    -3.33418    -3.39663   0.0036589
        1711    -3.37496    -3.39662  0.00365678
        1712    -3.38069    -3.39661  0.00365466
        1713    -3.29041    -3.39655  0.00365305
        1714    -3.28362    -3.39648  0.00365151
        1715    -3.24956     -3.3964  0.00365039
        1716    -3.22708     -3.3963  0.00364959
        1717    -3.09039    -3.39612  0.00365181
        1718    -3.24163    -3.39603  0.00365079
        1719    -3.28882    -3.39597   0.0036492
        1720    -3.22982    -3.39587  0.00364836
        1721    -3.26701    -3.39579  0.00364701
        1722    -3.44604    -3.39582  0.00364501
        1723    -3.48367    -3.39588  0.00364325
        1724    -3.38407    -3.39587  0.00364114
        1725    -3.46052    -3.39591  0.00363922
        1726    -3.32482    -3.39586  0.00363735
        1727    -3.36891    -3.39585  0.00363528
        1728    -3.37316    -3.39584   0.0036332
        1729    -3.35373    -3.39581  0.00363118
        1730    -3.31022    -3.39576  0.00362941
        1731    -3.37364    -3.39575  0.00362734
        1732    -3.39625    -3.39575  0.00362525
        1733    -3.34406    -3.39572  0.00362328
        1734    -3.33776    -3.39569  0.00362134
        1735    -3.32346    -3.39564  0.00361949
        1736     -3.3253     -3.3956  0.00361763
        1737    -3.35075    -3.39558  0.00361564
        1738    -3.34272    -3.39555  0.00361369
        1739    -3.41072    -3.39556  0.00361162
        1740    -3.38527    -3.39555  0.00360955
        1741    -3.28277    -3.39549  0.00360806
        1742    -3.20706    -3.39538  0.00360761
        1743    -3.29786    -3.39532  0.00360598
        1744     -3.2155    -3.39522  0.00360538
        1745    -3.20506    -3.39511  0.00360496
        1746    -3.24722    -3.39502  0.00360389
        1747    -3.16627    -3.39489  0.00360421
        1748    -3.27721    -3.39483  0.00360277
        1749    -3.25041    -3.39474  0.00360166
        1750    -3.24975    -3.39466  0.00360055
        1751    -3.14073    -3.39452  0.00360142
        1752     -3.2845    -3.39445  0.00359991
        1753    -3.38121    -3.39445  0.00359786
        1754    -3.36803    -3.39443  0.00359584
        1755     -3.4448    -3.39446  0.00359391
        1756    -3.36827    -3.39444  0.00359189
        1757      -3.392    -3.39444  0.00358985
        1758    -3.37016    -3.39443  0.00358783
        1759    -3.35596    -3.39441  0.00358586
        1760    -3.41736    -3.39442  0.00358385
        1761    -3.32948    -3.39438    0.003582
        1762    -3.33388    -3.39435  0.00358013
        1763    -3.40445    -3.39436  0.00357811
        1764    -3.29503     -3.3943  0.00357652
        1765    -3.38091    -3.39429   0.0035745
        1766    -3.44071    -3.39432  0.00357258
        1767    -3.46458    -3.39436  0.00357078
        1768    -3.42107    -3.39437  0.00356879
        1769    -3.43369    -3.39439  0.00356684
        1770    -3.47796    -3.39444  0.00356514
        1771    -3.53584    -3.39452  0.00356402
        1772    -3.57161    -3.39462  0.00356341
        1773    -3.52389    -3.39469  0.00356214
        1774    -3.51391    -3.39476  0.00356077
        1775    -3.48007    -3.39481  0.00355909
        1776    -3.50173    -3.39487  0.00355759
        1777     -3.4844    -3.39492  0.00355595
        1778    -3.51294    -3.39499  0.00355457
        1779    -3.52741    -3.39506  0.00355335
        1780    -3.53206    -3.39514  0.00355219
        1781    -3.44254    -3.39516  0.00355029
        1782    -3.36596    -3.39515  0.00354834
        1783    -3.44386    -3.39518  0.00354645
        1784    -3.46778    -3.39522   0.0035447
        1785    -3.44315    -3.39524  0.00354281
        1786     -3.3457    -3.39522  0.00354094
        1787    -3.27439    -3.39515   0.0035396
        1788    -3.30363     -3.3951  0.00353799
        1789    -3.29207    -3.39504  0.00353648
        1790     -3.3094    -3.39499  0.00353483
        1791    -3.35118    -3.39497  0.00353294
        1792    -3.29696    -3.39491  0.00353139
        1793      -3.254    -3.39483   0.0035303
        1794    -3.24531    -3.39475  0.00352932
        1795    -3.22442    -3.39466  0.00352862
        1796    -3.19197    -3.39454  0.00352846
        1797    -3.15839    -3.39441  0.00352895
        1798    -3.19019     -3.3943  0.00352881
        1799    -3.16135    -3.39417  0.00352922
        1800    -3.19042    -3.39405  0.00352908
        1801    -3.32269    -3.39402  0.00352734
        1802    -3.23166    -3.39392  0.00352653
        1803    -3.19588    -3.39382  0.00352629
        1804    -3.24398    -3.39373  0.00352531
        1805     -3.2251    -3.39364   0.0035246
        1806    -3.19125    -3.39353  0.00352443
        1807    -3.16998     -3.3934  0.00352465
        1808    -3.24413    -3.39332  0.00352366
        1809    -3.31258    -3.39328    0.003522
        1810    -3.13757    -3.39313  0.00352289
        1811    -3.17482    -3.39301    0.003523
        1812    -3.29473    -3.39296  0.00352148
        1813    -3.30521    -3.39291  0.00351987
        1814    -3.21273    -3.39281  0.00351933
        1815    -3.27471    -3.39275  0.00351799
        1816    -3.21478    -3.39265  0.00351742
        1817    -3.29943     -3.3926  0.00351585
        1818    -3.26904    -3.39253  0.00351458
        1819    -3.39596    -3.39253  0.00351265
        1820    -3.36319    -3.39252  0.00351075
        1821    -3.35314    -3.39249  0.00350889
        1822    -3.30044    -3.39244  0.00350733
        1823    -3.39012    -3.39244  0.00350541
        1824     -3.2831    -3.39238    0.003504
        1825    -3.28365    -3.39232  0.00350258
        1826    -3.28413    -3.39226  0.00350117
        1827    -3.39388    -3.39226  0.00349925
        1828    -3.42198    -3.39228  0.00349737
        1829    -3.48475    -3.39233  0.00349583
        1830    -3.57588    -3.39243  0.00349535
        1831    -3.54191    -3.39251   0.0034944
        1832    -3.48585    -3.39256  0.00349286
        1833    -3.49801    -3.39262  0.00349143
        1834    -3.46009    -3.39266  0.00348972
        1835    -3.45437    -3.39269  0.00348798
        1836    -3.48576    -3.39274  0.00348645
        1837     -3.4906     -3.3928  0.00348496
        1838    -3.49009    -3.39285  0.00348346
        1839    -3.39608    -3.39285  0.00348157
        1840    -3.34663    -3.39283  0.00347977
        1841     -3.4434    -3.39285  0.00347799
        1842    -3.41166    -3.39286  0.00347611
        1843    -3.43813    -3.39289  0.00347432
        1844    -3.44603    -3.39292  0.00347255
        1845    -3.48747    -3.39297  0.00347105
        1846    -3.47848    -3.39301  0.00346948
        1847    -3.47177    -3.39306  0.00346786
        1848    -3.51299    -3.39312  0.00346659
        1849    -3.49516    -3.39318  0.00346515
        1850    -3.31658    -3.39314  0.00346353
        1851    -3.38807    -3.39313  0.00346166
        1852    -3.29246    -3.39308  0.00346022
        1853    -3.34703    -3.39305  0.00345844
        1854    -3.39199    -3.39305  0.00345657
        1855    -3.38044    -3.39305  0.00345472
        1856     -3.4049    -3.39305  0.00345286
        1857    -3.29007      -3.393  0.00345145
        1858    -3.25902    -3.39292  0.00345034
        1859    -3.34547     -3.3929  0.00344858
        1860    -3.40969    -3.39291  0.00344674
        1861     -3.4058    -3.39292  0.00344489
        1862    -3.37247     -3.3929  0.00344306
        1863    -3.25948    -3.39283  0.00344196
        1864    -3.29729    -3.39278  0.00344049
        1865    -3.42501     -3.3928  0.00343869
        1866    -3.42395    -3.39282  0.00343689
        1867    -3.45504    -3.39285  0.00343521
        1868    -3.50637    -3.39291  0.00343391
        1869    -3.50589    -3.39297   0.0034326
        1870    -3.37752    -3.39296  0.00343078
        1871    -3.40739    -3.39297  0.00342895
        1872    -3.39377    -3.39297  0.00342712
        1873    -3.36993    -3.39296  0.00342531
        1874    -3.31758    -3.39292  0.00342372
        1875    -3.36394     -3.3929  0.00342193
        1876    -3.23286    -3.39282  0.00342117
        1877    -3.36079     -3.3928  0.00341939
        1878    -3.39578     -3.3928  0.00341757
        1879    -3.33185    -3.39277   0.0034159
        1880    -3.29028    -3.39271  0.00341452
        1881    -3.29753    -3.39266  0.00341308
        1882     -3.3771    -3.39266  0.00341128
        1883    -3.31552    -3.39261  0.00340971
        1884     -3.3003    -3.39257  0.00340825
        1885    -3.27522     -3.3925  0.00340701
        1886    -3.33605    -3.39247  0.00340534
        1887    -3.54826    -3.39256  0.00340454
        1888    -3.53083    -3.39263  0.00340352
        1889    -3.48006    -3.39267  0.00340203
        1890    -3.47835    -3.39272  0.00340053
        1891    -3.39614    -3.39272  0.00339874
        1892    -3.37745    -3.39271  0.00339695
        1893    -3.37375     -3.3927  0.00339517
        1894    -3.43724    -3.39273  0.00339346
        1895    -3.37817    -3.39272  0.00339168
        1896    -3.34255    -3.39269  0.00338999
        1897    -3.37818    -3.39269  0.00338821
        1898    -3.34585    -3.39266  0.00338652
        1899    -3.49461    -3.39271  0.00338516
        1900    -3.50597    -3.39277   0.0033839
        1901    -3.40313    -3.39278  0.00338213
        1902    -3.40211    -3.39278  0.00338035
        1903    -3.34047    -3.39276  0.00337869
        1904    -3.36689    -3.39274  0.00337694
        1905    -3.28944    -3.39269   0.0033756
        1906    -3.29343    -3.39264  0.00337423
        1907    -3.24402    -3.39256  0.00337336
        1908    -3.36257    -3.39254  0.00337163
        1909    -3.40315    -3.39255  0.00336987
        1910    -3.47548    -3.39259  0.00336839
        1911    -3.38463    -3.39259  0.00336663
        1912    -3.45799    -3.39262  0.00336504
        1913    -3.47894    -3.39267  0.00336358
        1914    -3.39311    -3.39267  0.00336183
        1915    -3.42894    -3.39269  0.00336012
        1916     -3.4281    -3.39271  0.00335842
        1917    -3.36472    -3.39269   0.0033567
        1918    -3.44001    -3.39272  0.00335504
        1919    -3.38996    -3.39271  0.00335329
        1920    -3.40874    -3.39272  0.00335156
        1921    -3.39588    -3.39272  0.00334981
        1922    -3.50869    -3.39278  0.00334861
        1923    -3.52102    -3.39285  0.00334754
        1924    -3.45718    -3.39288  0.00334596
        1925    -3.47235    -3.39293  0.00334448
        1926    -3.41477    -3.39294  0.00334276
        1927    -3.48538    -3.39299  0.00334137
        1928    -3.45955    -3.39302  0.00333982
        1929    -3.46285    -3.39306  0.00333828
        1930     -3.3712    -3.39304  0.00333657
        1931     -3.4036    -3.39305  0.00333485
        1932    -3.35303    -3.39303  0.00333319
        1933    -3.38331    -3.39302  0.00333147
        1934    -3.50732    -3.39308  0.00333027
        1935    -3.42159     -3.3931  0.00332858
        1936    -3.47055    -3.39314   0.0033271
        1937    -3.43447    -3.39316  0.00332545
        1938    -3.41311    -3.39317  0.00332375
        1939    -3.39745    -3.39317  0.00332204
        1940    -3.45647     -3.3932  0.00332049
        1941    -3.45572    -3.39324  0.00331893
        1942     -3.3818    -3.39323  0.00331723
        1943    -3.35436    -3.39321  0.00331558
        1944    -3.35818    -3.39319  0.00331392
        1945    -3.35431    -3.39317  0.00331228
        1946    -3.44948     -3.3932   0.0033107
        1947    -3.35876    -3.39318  0.00330905
        1948      -3.361    -3.39317  0.00330739
        1949    -3.45007     -3.3932  0.00330583
        1950    -3.43412    -3.39322   0.0033042
        1951    -3.47424    -3.39326  0.00330276
        1952    -3.45998    -3.39329  0.00330125
        1953    -3.39442    -3.39329  0.00329956
        1954     -3.4083     -3.3933  0.00329788
        1955     -3.3565    -3.39328  0.00329625
        1956    -3.33607    -3.39325  0.00329469
        1957    -3.39738    -3.39326  0.00329301
        1958    -3.31651    -3.39322  0.00329156
        1959    -3.34682    -3.39319  0.00328996
        1960      -3.443    -3.39322  0.00328838
        1961    -3.45665    -3.39325  0.00328687
        1962    -3.51188    -3.39331  0.00328575
        1963    -3.40627    -3.39332  0.00328408
        1964    -3.33275    -3.39329  0.00328255
        1965    -3.38818    -3.39328  0.00328088
        1966    -3.36778    -3.39327  0.00327924
        1967    -3.32236    -3.39324  0.00327777
        1968    -3.37717    -3.39323  0.00327611
        1969    -3.38936    -3.39323  0.00327445
        1970    -3.31425    -3.39319  0.00327303
        1971    -3.44895    -3.39321   0.0032715
        1972    -3.48005    -3.39326  0.00327013
        1973     -3.4389    -3.39328  0.00326856
        1974    -3.50129    -3.39334  0.00326736
        1975    -3.48654    -3.39338  0.00326605
        1976    -3.43526     -3.3934  0.00326446
        1977    -3.48212    -3.39345  0.00326312
        1978    -3.40161    -3.39345  0.00326147
        1979    -3.31213    -3.39341  0.00326008
        1980    -3.43939    -3.39343  0.00325852
        1981    -3.56058    -3.39352  0.00325797
        1982    -3.46824    -3.39356  0.00325654
        1983    -3.42503    -3.39357  0.00325494
        1984    -3.44582     -3.3936   0.0032534
        1985    -3.40905    -3.39361  0.00325177
        1986    -3.44171    -3.39363  0.00325023
        1987    -3.44138    -3.39366  0.00324868
        1988    -3.39175    -3.39365  0.00324705
        1989    -3.36632    -3.39364  0.00324544
        1990    -3.30903     -3.3936  0.00324409
        1991    -3.42136    -3.39361  0.00324249
        1992    -3.37466     -3.3936  0.00324088
        1993    -3.43806    -3.39362  0.00323933
        1994    -3.42369    -3.39364  0.00323774
        1995    -3.43324    -3.39366  0.00323618
        1996    -3.49552    -3.39371  0.00323496
        1997    -3.43764    -3.39373  0.00323341
        1998     -3.4233    -3.39375  0.00323183
        1999    -3.33825    -3.39372  0.00323033
        2000    -3.29953    -3.39367  0.00322906
