           1    -4.78354    -4.78354           0
           2    -4.23179    -4.50766    0.195073
           3    -3.63054    -4.21529    0.271846
           4    -3.24608    -3.97299    0.292578
           5      -3.122    -3.80279    0.279211
           6    -2.52426     -3.5897    0.303277
           7    -2.13893    -3.38245    0.323098
           8    -1.77694    -3.18176    0.339362
           9    -1.65592    -3.01222    0.341388
          10     -1.1981    -2.83081    0.352167
          11    -1.40841     -2.7015    0.343071
          12    -1.53754     -2.6045    0.327907
          13    -1.03843    -2.48404    0.324058
          14   -0.616725    -2.35066     0.32721
          15   -0.447828     -2.2238    0.329069
          16   -0.847854    -2.13781    0.319542
          17    -1.02798    -2.07252    0.307342
          18   -0.931581    -2.00914    0.296731
          19   -0.984071    -1.95518    0.285976
          20   -0.869196    -1.90089    0.276785
          21    -0.52713    -1.83547    0.271225
          22   -0.359718    -1.76839    0.267063
          23   -0.799622    -1.72627    0.258751
          24    -1.01082    -1.69646    0.249681
          25    -1.02456    -1.66958    0.241136
          26   -0.345678    -1.61866    0.237177
          27    -0.83452    -1.58962    0.230164
          28   -0.457635    -1.54919    0.225467
          29   -0.408214    -1.50985    0.221098
          30   -0.272081    -1.46859    0.217544
          31   -0.216155    -1.42819    0.214245
          32   -0.384588    -1.39558    0.210017
          33   -0.769294     -1.3766    0.204509
          34   -0.729294    -1.35756    0.199378
          35   -0.646993    -1.33726    0.194712
          36   -0.354153    -1.30995    0.191209
          37   0.0879015    -1.27217    0.189737
          38   -0.320751    -1.24713    0.186388
          39   -0.321934    -1.22341    0.183113
          40    0.144378    -1.18921      0.1817
          41    0.572029    -1.14626    0.182275
          42     1.09722    -1.09284    0.185597
          43    0.355218    -1.05916    0.184311
          44    0.187028    -1.03084    0.182285
          45    0.147871    -1.00465    0.180106
          46   -0.123783   -0.985499    0.177206
          47   -0.734521    -0.98016    0.173516
          48   -0.637561   -0.973022    0.170048
          49   -0.394757   -0.961221    0.166987
          50   -0.224817   -0.946493    0.164295
          51    -0.61697   -0.940031    0.161201
          52   -0.406956    -0.92978    0.158426
          53    -0.83231   -0.927941    0.155448
          54    -1.09936   -0.931115    0.152601
          55   -0.984303   -0.932082     0.14983
          56   -0.711528   -0.928144    0.147206
          57   -0.382857   -0.918577    0.144934
          58  -0.0178486   -0.903048    0.143265
          59    0.205748   -0.884255    0.142064
          60   0.0143374   -0.869278    0.140483
          61   -0.158298   -0.857623    0.138663
          62  -0.0313645   -0.844296    0.137065
          63  -0.0461922   -0.831628    0.135474
          64   0.0151735   -0.818396    0.134002
          65   -0.353058   -0.811237    0.132131
          66    -0.22928    -0.80242    0.130423
          67   -0.280286   -0.794627    0.128709
          68   -0.559691   -0.791172    0.126863
          69   -0.362547    -0.78496    0.125176
          70   -0.235217   -0.777106    0.123634
          71   -0.168427   -0.768533     0.12219
          72   -0.194854   -0.760566    0.120752
          73   -0.852267   -0.761822    0.119104
          74    -0.49039   -0.758154    0.117551
          75   0.0947343   -0.746782    0.116533
          76  -0.0104512   -0.737093    0.115402
          77    0.178518   -0.725202    0.114514
          78   0.0410102   -0.715379    0.113466
          79    0.298375   -0.702547    0.112753
          80   0.0940985   -0.692589    0.111783
          81   -0.345325   -0.688301    0.110485
          82   -0.484734   -0.685819    0.109165
          83   -0.420219   -0.682619    0.107897
          84    -0.43443   -0.679664    0.106653
          85   -0.437415   -0.676814    0.105436
          86   -0.601983   -0.675944    0.104214
          87   -0.203395   -0.670513    0.103157
          88   -0.689476   -0.670728    0.101985
          89   -0.574125   -0.669643    0.100845
          90   -0.529508   -0.668086   0.0997368
          91   -0.230047   -0.663272   0.0987569
          92   -0.240754   -0.658679   0.0977902
          93   -0.444391   -0.656375   0.0967658
          94   -0.246872   -0.652019   0.0958344
          95    0.170272   -0.643363   0.0952157
          96    0.365763   -0.632851   0.0948024
          97   0.0353991   -0.625962    0.094075
          98    0.116589   -0.618385   0.0934197
          99-0.000421178   -0.612143   0.0926844
         100    0.121671   -0.604805   0.0920475
         101   0.0244928   -0.598574   0.0913468
         102   0.0410586   -0.592303   0.0906662
         103    0.517512   -0.581528    0.090424
         104    0.440534   -0.571701    0.090087
         105    0.231627    -0.56405   0.0895533
         106   0.0229208   -0.558513   0.0888795
         107    0.446298   -0.549122   0.0885435
         108     0.60215   -0.538462   0.0883631
         109    0.520267   -0.528749   0.0880846
         110    0.328276   -0.520958   0.0876277
         111    0.204223   -0.514425   0.0870815
         112   0.0784603   -0.509131   0.0864647
         113   -0.085847   -0.505385   0.0857807
         114    0.499898   -0.496567   0.0854803
         115    0.519137   -0.487735    0.085192
         116     1.14551   -0.473655   0.0856132
         117    0.590974   -0.464556   0.0853636
         118    0.832358   -0.453565   0.0853448
         119    0.525844   -0.445334   0.0850236
         120    0.674057   -0.436006   0.0848252
         121    0.688867    -0.42671   0.0846321
         122    0.624687   -0.418092    0.084376
         123    0.488127   -0.410724   0.0840111
         124    0.557078   -0.402919   0.0836953
         125    0.818331   -0.393149   0.0835941
         126    0.438837   -0.386546    0.083191
         127     0.47456   -0.379766   0.0828118
         128     0.16375    -0.37552   0.0822736
         129     0.28481   -0.370401   0.0817949
         130    0.237223   -0.365727   0.0812992
         131    0.382067   -0.360018   0.0808787
         132     0.22451    -0.35559   0.0803871
         133    0.190363   -0.351485   0.0798875
         134    0.379726   -0.346028   0.0794774
         135    0.363821    -0.34077   0.0790625
         136    0.045504    -0.33793   0.0785321
         137    0.329265    -0.33306   0.0781097
         138   -0.221759   -0.332253   0.0775479
         139   -0.351995   -0.332395   0.0769901
         140   -0.198762   -0.331441   0.0764461
         141   -0.266234   -0.330978   0.0759053
         142   -0.110552   -0.329426   0.0753867
         143    0.405923   -0.324284   0.0750347
         144   -0.205932   -0.323462   0.0745181
         145    0.034061   -0.320996    0.074045
         146    0.409129   -0.315995   0.0737065
         147   -0.126495   -0.314706   0.0732164
         148   -0.396219   -0.315257   0.0727237
         149   -0.246672   -0.314797   0.0722371
         150   0.0614213   -0.312289    0.071799
         151   -0.103509   -0.310906   0.0713369
         152    0.104967    -0.30817     0.07092
         153    0.463299   -0.303128   0.0706355
         154    0.268422   -0.299416   0.0702742
         155    0.694681   -0.293003   0.0701129
         156    0.158661   -0.290108   0.0697232
         157    0.103492   -0.287601   0.0693242
         158   -0.222847   -0.287191   0.0688866
         159   -0.100767   -0.286018   0.0684634
         160   -0.323383   -0.286252   0.0680359
         161   -0.434036    -0.28717   0.0676195
         162   -0.261496   -0.287011   0.0672023
         163   -0.246812   -0.286765   0.0667904
         164    0.198181   -0.283808   0.0664486
         165  -0.0467032   -0.282371   0.0660614
         166   0.0722725   -0.280234    0.065698
         167   0.0381875   -0.278328   0.0653322
         168    0.146903   -0.275796   0.0649924
         169   -0.052847   -0.274477   0.0646212
         170 -0.00774869   -0.272908   0.0642601
         171   0.0313416   -0.271129    0.063909
         172   0.0135414   -0.269474   0.0635588
         173  -0.0389107   -0.268141   0.0632054
         174    0.289035   -0.264939   0.0629232
         175    0.323709   -0.261575   0.0626535
         176    0.564868    -0.25688   0.0624732
         177    0.625493   -0.251894   0.0623188
         178    0.892844   -0.245463   0.0622997
         179     0.30401   -0.242394   0.0620272
         180    0.356097   -0.239069   0.0617717
         181    0.491193   -0.235034    0.061562
         182    0.592158   -0.230489   0.0613913
         183    0.523341    -0.22637   0.0611939
         184     0.22658   -0.223908   0.0609108
         185    0.757377   -0.218604   0.0608121
         186    0.766895   -0.213305   0.0607155
         187      0.7429   -0.208192   0.0606058
         188    0.790547    -0.20288   0.0605158
         189    0.485948   -0.199235   0.0603052
         190    0.497897   -0.195566   0.0600994
         191       0.573   -0.191542   0.0599193
         192    0.190285   -0.189553   0.0596402
         193    0.453865    -0.18622   0.0594243
         194    0.344331   -0.183485   0.0591808
         195    0.655215   -0.179184   0.0590334
         196    0.925325   -0.173548   0.0590006
         197     1.14277   -0.166867   0.0590782
         198     1.14509   -0.160241   0.0591503
         199     1.09652   -0.153925   0.0591892
         200     1.01515    -0.14808   0.0591812
         201    0.621587   -0.144251   0.0590105
         202    0.681776   -0.140161   0.0588599
         203    0.774155   -0.135657    0.058742
         204    0.560298   -0.132246   0.0585531
         205    0.864003   -0.127386   0.0584688
         206     1.04843   -0.121678   0.0584629
         207     1.04128    -0.11606   0.0584498
         208    0.851106    -0.11141   0.0583534
         209     1.40213   -0.104168   0.0585219
         210     1.34914  -0.0972479    0.058651
         211     1.10295  -0.0915598   0.0586482
         212    0.559536  -0.0884886   0.0584519
         213     0.77083  -0.0844542   0.0583165
         214    0.408793  -0.0821493   0.0580895
         215     0.24813  -0.0806131   0.0578397
         216    0.618676  -0.0773757   0.0576624
         217    0.959556  -0.0725972   0.0575944
         218      0.5298  -0.0698339   0.0573964
         219    0.216022  -0.0685286   0.0571492
         220    0.567757  -0.0656364   0.0569625
         221     1.05351  -0.0605724   0.0569294
         222     1.18677  -0.0549538   0.0569496
         223    0.987059  -0.0502811   0.0568856
         224     1.35163  -0.0440226   0.0569749
         225     1.73353  -0.0361223   0.0572668
         226     1.84224   -0.027811   0.0576133
         227     2.11843  -0.0183562   0.0581302
         228     2.54042 -0.00713345   0.0589486
         229     2.63146  0.00438878   0.0598067
         230     2.27007   0.0142396   0.0603524
         231     2.20337   0.0237163   0.0608307
         232     1.95604   0.0320453    0.061136
         233     2.14045   0.0410943   0.0615397
         234     1.51235   0.0473817    0.061597
         235     1.73041   0.0545435   0.0617499
         236     2.37639   0.0643818    0.062267
         237     2.02754   0.0726652   0.0625528
         238     2.55165   0.0830811   0.0631512
         239     2.79484   0.0944274   0.0638982
         240     2.30704    0.103647   0.0642936
         241      2.0224    0.111608   0.0645179
         242     1.71817    0.118247   0.0645919
         243     1.99085    0.125953   0.0647842
         244     1.91313    0.133278   0.0649314
         245     1.62482    0.139366   0.0649511
         246     1.86721    0.146389   0.0650658
         247     1.65703    0.152505   0.0650891
         248     1.60884    0.158378    0.065091
         249     1.71931    0.164646   0.0651308
         250     1.88602    0.171532   0.0652332
         251     1.93073    0.178541   0.0653488
         252     1.67503    0.184479   0.0653587
         253     1.09656    0.188084   0.0651997
         254    0.952506    0.191094   0.0650124
         255    0.998532     0.19426   0.0648346
         256     1.17503    0.198091   0.0646944
         257     1.14386    0.201771   0.0645472
         258     1.48821    0.206757   0.0644894
         259     1.14808    0.210392   0.0643427
         260     1.04538    0.213603   0.0641753
         261     1.12569    0.217098   0.0640245
         262    0.679359    0.218862   0.0638045
         263    0.974489    0.221736   0.0636265
         264    0.997566    0.224674   0.0634533
         265     1.42358    0.229198    0.063375
         266     1.18404    0.232788   0.0632383
         267    0.965047    0.235531   0.0630609
         268     1.07193    0.238651   0.0629028
         269     1.00969    0.241518   0.0627342
         270     1.14978    0.244882    0.062592
         271     1.21508    0.248462   0.0624633
         272     1.31536    0.252384   0.0623567
         273    0.946174    0.254926     0.06218
         274    0.670036    0.256441   0.0619716
         275    0.955439    0.258982   0.0617983
         276     1.30599    0.262776   0.0616907
         277     1.33987    0.266664   0.0615905
         278      1.1034    0.269674   0.0614424
         279     1.38843    0.273684   0.0613529
         280     1.12494    0.276724    0.061209
         281     1.13489    0.279778   0.0610674
         282     1.13464     0.28281    0.060926
         283     1.49808    0.287104   0.0608619
         284     1.51413    0.291424   0.0608007
         285     1.49589    0.295651   0.0607341
         286     1.59895    0.300208   0.0606925
         287     1.32181    0.303767   0.0605853
         288     1.53563    0.308044   0.0605257
         289     1.22638    0.311222   0.0603996
         290     1.13601    0.314066   0.0602583
         291    0.856174    0.315929     0.06008
         292     1.19181    0.318929   0.0599491
         293      1.2984    0.322272   0.0598376
         294      1.1573    0.325112   0.0597014
         295      1.2954    0.328401   0.0595896
         296     1.19906    0.331342   0.0594608
         297     1.17791    0.334193   0.0593289
         298    0.963496    0.336305   0.0591674
         299    0.723837    0.337601   0.0589837
         300     1.05777    0.340001   0.0588359
         301     1.32896    0.343287   0.0587321
         302     1.75254    0.347953   0.0587227
         303     1.19061    0.350734   0.0585947
         304     1.06466    0.353083    0.058449
         305     1.53824    0.356968   0.0583864
         306     1.66575    0.361245   0.0583521
         307      1.6192    0.365343   0.0583057
         308      1.3044    0.368392    0.058196
         309     1.05364     0.37061   0.0580499
         310     1.59634    0.374564   0.0579972
         311     1.33006    0.377636    0.057892
         312     1.19315     0.38025   0.0577654
         313     1.20041     0.38287   0.0576403
         314     1.12323    0.385228   0.0575049
         315     1.16881    0.387715   0.0573762
         316     1.27942    0.390537   0.0572639
         317     1.33509    0.393517   0.0571608
         318    0.919084     0.39517   0.0570049
         319    0.426392    0.395268   0.0568263
         320     0.46177    0.395475   0.0566491
         321    0.680974    0.396365   0.0564796
         322    0.962403    0.398123   0.0563315
         323    0.764436    0.399257   0.0561685
         324    0.877227    0.400732   0.0560146
         325    0.647911    0.401493   0.0558474
         326    0.718083    0.402464   0.0556845
         327    0.763088    0.403566   0.0555251
         328    0.930683    0.405174   0.0553791
         329    0.728399    0.406156   0.0552195
         330    0.413419    0.406178   0.0550522
         331    0.759414    0.407245   0.0548962
         332    0.727435     0.40821   0.0547393
         333    0.570132    0.408696   0.0545771
         334    0.692289    0.409545   0.0544203
         335    0.616389    0.410162   0.0542613
         336     1.01297    0.411956   0.0541295
         337    0.662459      0.4127    0.053974
         338    0.701896    0.413555   0.0538211
         339    0.987338    0.415248   0.0536889
         340     1.15171    0.417414   0.0535747
         341     1.15959     0.41959   0.0534618
         342     1.81561    0.423672    0.053461
         343     1.76216    0.427575   0.0534474
         344     1.14475     0.42966   0.0533327
         345     1.00981    0.431341   0.0532046
         346     1.26614    0.433754   0.0531055
         347     1.27355    0.436174   0.0530076
         348     1.64553    0.439649   0.0529691
         349     1.71888    0.443315    0.052944
         350     1.78427    0.447146   0.0529311
         351     1.71803    0.450767    0.052904
         352     1.62218    0.454094   0.0528583
         353     1.76651    0.457812   0.0528391
         354     1.85972    0.461773   0.0528381
         355     1.96208    0.465999    0.052858
         356     1.84062     0.46986   0.0528504
         357     1.66998    0.473222   0.0528091
         358     2.06056    0.477656   0.0528474
         359     2.15883    0.482339   0.0529073
         360     2.05775    0.486715    0.052941
         361      2.0337       0.491   0.0529675
         362     2.39889     0.49627   0.0530827
         363      1.9547    0.500288   0.0530883
         364      1.9712    0.504329   0.0530961
         365     1.96573    0.508333   0.0531013
         366     2.73457    0.514416   0.0533035
         367     2.59749    0.520092   0.0534596
         368     2.23693    0.524757   0.0535175
         369     2.14817    0.529156    0.053553
         370     2.06458    0.533306   0.0535688
         371     2.01318    0.537295   0.0535727
         372      2.1597    0.541656   0.0536059
         373     2.04485    0.545686   0.0536135
         374     2.21854    0.550159   0.0536564
         375     2.52821    0.555434    0.053772
         376     2.14602    0.559664   0.0537951
         377     1.88442    0.563178    0.053767
         378     1.68774    0.566153    0.053707
         379     1.55459    0.568761   0.0536286
         380     1.80365    0.572011   0.0535859
         381     2.20347    0.576293    0.053616
         382     2.04608    0.580141   0.0536136
         383     1.55029    0.582674   0.0535334
         384     1.84245    0.585954   0.0534944
         385     1.72122    0.588903   0.0534367
         386     2.10843     0.59284    0.053443
         387      1.7161    0.595742   0.0533837
         388     1.60569    0.598345   0.0533095
         389     2.05456    0.602089   0.0533038
         390     2.30795    0.606463   0.0533462
         391     2.15733    0.610429   0.0533571
         392     1.74412    0.613321   0.0532993
         393     1.60618    0.615847   0.0532235
         394      1.7515     0.61873   0.0531664
         395     1.57523    0.621151   0.0530869
         396     1.86942    0.624304   0.0530464
         397     1.55851    0.626657   0.0529649
         398     1.57721    0.629045   0.0528856
         399     1.51439    0.631264   0.0527996
         400     1.44374    0.633295   0.0527067
         401      1.1442    0.634569   0.0525906
         402     1.06728    0.635646   0.0524708
         403     1.41538     0.63758   0.0523763
         404     1.45357      0.6396   0.0522856
         405     1.51517    0.641762   0.0522012
         406     1.54255    0.643981   0.0521197
         407     1.98134    0.647267   0.0520951
         408     2.03027    0.650656   0.0520776
         409     1.69198    0.653202   0.0520125
         410     1.62916    0.655583   0.0519401
         411     1.72155    0.658176   0.0518784
         412     1.11391    0.659283   0.0517643
         413     1.09789    0.660345   0.0516498
         414     1.07339    0.661342   0.0515347
         415     1.30094    0.662883   0.0514336
         416     1.40045    0.664656   0.0513405
         417     1.49634    0.666651   0.0512561
         418     1.45062    0.668526   0.0511678
         419     1.50878    0.670532   0.0510849
         420     1.49399    0.672492   0.0510009
         421     1.64414      0.6748    0.050932
         422     1.66611    0.677149   0.0508654
         423     1.67535    0.679509   0.0507999
         424     1.41604    0.681246   0.0507098
         425     1.55325    0.683298   0.0506319
         426     1.10165     0.68428   0.0505226
         427     1.53482    0.686272   0.0504435
         428     1.27126    0.687639   0.0503442
         429      1.4026    0.689305   0.0502544
         430     1.17109    0.690426     0.05015
         431     1.03289     0.69122     0.05004
         432     1.52971    0.693161   0.0499618
         433     1.43335    0.694871   0.0498756
         434     1.77457    0.697359   0.0498227
         435     1.72931    0.699731   0.0497646
         436     1.62342    0.701849   0.0496955
         437     1.47835    0.703626   0.0496136
         438    0.945832    0.704179   0.0495034
         439     1.06446       0.705   0.0493974
         440    0.993829    0.705656   0.0492895
         441     1.23432    0.706855   0.0491923
         442     1.21306       0.708   0.0490944
         443     0.98678     0.70863   0.0489876
         444    0.572694    0.708324   0.0488782
         445    0.330594    0.707475   0.0487757
         446    0.665076     0.70738   0.0486665
         447    0.802187    0.707592    0.048558
         448     1.25928    0.708823   0.0484653
         449     1.00362     0.70948   0.0483618
         450     1.56377    0.711378   0.0482916
         451     1.49484    0.713115   0.0482157
         452     1.13956    0.714059   0.0481183
         453     1.26562    0.715276   0.0480274
         454     1.03855    0.715989   0.0479269
         455    0.835038     0.71625   0.0478223
         456     1.07054    0.717027   0.0477238
         457    0.811253    0.717233   0.0476198
         458      1.1931    0.718272   0.0475271
         459      1.2432    0.719416   0.0474373
         460     1.05126    0.720137   0.0473397
         461     1.03874    0.720828   0.0472421
         462     1.36328    0.722219   0.0471603
         463      1.5105    0.723922   0.0470891
         464     1.34629    0.725263   0.0470067
         465     1.06564    0.725995   0.0469114
         466     1.27385    0.727171   0.0468254
         467      1.1556    0.728088   0.0467341
         468    0.894311    0.728443   0.0466356
         469    0.970838     0.72896   0.0465391
         470     1.24854    0.730065   0.0464532
         471     1.37698    0.731439   0.0463748
         472     1.66765    0.733422    0.046319
         473     2.06153     0.73623   0.0463061
         474     1.31213    0.737445   0.0462243
         475     1.00323    0.738005   0.0461304
         476      1.3477    0.739286   0.0460513
         477     1.31575    0.740494   0.0459706
         478     1.37966    0.741831   0.0458938
         479     1.74873    0.743933   0.0458462
         480     1.69777    0.745921   0.0457937
         481      1.9793    0.748485   0.0457702
         482      1.9629    0.751004   0.0457446
         483     1.74263    0.753057   0.0456959
         484     1.85718    0.755339   0.0456584
         485      1.4554    0.756782   0.0455871
         486     1.15393    0.757599   0.0455006
         487     1.29055    0.758694   0.0454203
         488     1.09869     0.75939   0.0453326
         489     1.08917    0.760065   0.0452449
         490     1.12093    0.760801   0.0451585
         491     1.27458    0.761848   0.0450787
         492     1.05225    0.762438   0.0449909
         493     1.26895    0.763465   0.0449114
         494     1.52892    0.765015   0.0448472
         495     1.39834    0.766294   0.0447749
         496     1.37036    0.767512   0.0447011
         497     1.31402    0.768612   0.0446247
         498     1.69043    0.770463   0.0445735
         499      1.2755    0.771475   0.0444957
         500     1.25574    0.772443   0.0444172
         501     1.34616    0.773588   0.0443433
         502     1.25511    0.774548   0.0442653
         503     1.29796    0.775588   0.0441896
         504     1.11506    0.776262    0.044107
         505      1.4708    0.777637   0.0440411
         506     1.20177    0.778475   0.0439621
         507     1.43514    0.779771   0.0438944
         508     1.29176    0.780778   0.0438196
         509     1.79455     0.78277   0.0437787
         510     1.85057    0.784864   0.0437429
         511     1.09783    0.785476   0.0436616
         512     1.40624    0.786689   0.0435932
         513     1.27818    0.787647   0.0435187
         514    0.785089    0.787642   0.0434341
         515    0.936393    0.787931   0.0433507
         516    0.844659    0.788041   0.0432668
         517    0.825056    0.788112   0.0431832
         518     1.23367    0.788972   0.0431084
         519    0.927966     0.78924   0.0430261
         520     1.08828    0.789815   0.0429472
         521     1.46568    0.791112   0.0428844
         522     1.27523     0.79204   0.0428123
         523     1.71682    0.793808   0.0427669
         524     1.78873    0.795707   0.0427274
         525     1.65571    0.797345   0.0426774
         526     1.93997    0.799517   0.0426515
         527     2.11746    0.802018   0.0426439
         528     2.35087    0.804952   0.0426639
         529     2.09266    0.807386   0.0426526
         530     1.86715    0.809385    0.042619
         531     1.92963    0.811495   0.0425909
         532     1.54651    0.812877   0.0425333
         533     1.66826    0.814481   0.0424837
         534     1.55561    0.815869   0.0424268
         535     1.03954    0.816287   0.0423496
         536     2.01801    0.818529   0.0423299
         537     1.90412    0.820551   0.0422993
         538     1.44638    0.821714   0.0422367
         539      1.9344    0.823779   0.0422087
         540     2.21739    0.826359   0.0422094
         541     2.08328    0.828683   0.0421953
         542     1.93789    0.830729    0.042167
         543     2.19491    0.833241   0.0421641
         544     2.18602    0.835728   0.0421599
         545     2.25372     0.83833   0.0421627
         546     1.61755    0.839757   0.0421097
         547     1.39715    0.840776    0.042045
         548       1.177     0.84139   0.0419728
         549     1.46182     0.84252   0.0419115
         550     1.72606    0.844126   0.0418661
         551     1.75424    0.845778   0.0418227
         552     1.52738    0.847013   0.0417651
         553     2.27149    0.849589    0.041769
         554     1.95768    0.851589   0.0417414
         555     1.59547    0.852929   0.0416877
         556     1.23454    0.853616   0.0416184
         557     1.45864    0.854702   0.0415579
         558     1.53647    0.855924   0.0415013
         559      1.6578    0.857358   0.0414519
         560     1.63804    0.858752   0.0414013
         561     1.87391    0.860562    0.041367
         562     1.90339    0.862417    0.041335
         563     1.86704    0.864202   0.0413001
         564     1.78975    0.865843   0.0412595
         565     1.76813     0.86744   0.0412173
         566     2.11162    0.869638   0.0412031
         567     1.98139    0.871599    0.041177
         568     1.81221    0.873255   0.0411378
         569     1.89157    0.875044   0.0411044
         570     1.71033     0.87651   0.0410584
         571      1.7038    0.877959   0.0410121
         572     2.01138     0.87994   0.0409882
         573     1.80915    0.881562   0.0409488
         574     1.84036    0.883232   0.0409115
         575     2.01716    0.885204   0.0408878
         576     2.31159    0.887681   0.0408918
         577     2.14176    0.889854   0.0408786
         578     2.24577      0.8922   0.0408751
         579     2.12609    0.894331   0.0408601
         580     2.15725    0.896508   0.0408476
         581     1.81972    0.898097   0.0408082
         582     1.47331    0.899086     0.04075
         583     1.39667    0.899939   0.0406891
         584     1.25911    0.900554    0.040624
         585     1.33815    0.901302   0.0405615
         586     1.27499     0.90194   0.0404973
         587      1.0105    0.902125   0.0404287
         588    0.891673    0.902107     0.04036
         589    0.984216    0.902247   0.0402917
         590     1.53468    0.903318   0.0402376
         591     1.72396    0.904707   0.0401935
         592     1.76824    0.906166   0.0401521
         593     1.81499    0.907698   0.0401136
         594     1.71666     0.90906   0.0400692
         595     2.11159    0.911081   0.0400528
         596     1.98709    0.912887   0.0400263
         597     1.93598      0.9146   0.0399959
         598     1.69193      0.9159   0.0399501
         599     1.17128    0.916327   0.0398857
         600    0.941892    0.916369   0.0398192
         601     1.19532    0.916833   0.0397557
         602      1.5371    0.917864    0.039703
         603     1.51245     0.91885   0.0396494
         604      1.4463    0.919723   0.0395934
         605     1.77685     0.92114   0.0395533
         606     1.77917    0.922556   0.0395133
         607     2.06661     0.92444   0.0394932
         608      2.1568    0.926467   0.0394802
         609     2.05338    0.928318   0.0394587
         610     1.78311    0.929719   0.0394189
         611     1.51101     0.93067   0.0393658
         612     1.46104    0.931537   0.0393111
         613     1.32755    0.932183   0.0392522
         614       1.614    0.933293    0.039204
         615     1.31805    0.933919   0.0391453
         616     1.76519    0.935269    0.039105
         617     1.61504     0.93637   0.0390571
         618     1.90339    0.937935   0.0390252
         619     2.25522    0.940063   0.0390202
         620     2.14725     0.94201   0.0390058
         621     1.99763     0.94371     0.03898
         622     1.98978    0.945392   0.0389536
         623     1.81222    0.946783   0.0389159
         624     1.89068    0.948296   0.0388829
         625     1.82536    0.949699    0.038846
         626     2.01155    0.951395    0.038821
         627     1.84218    0.952816   0.0387851
         628     1.76262    0.954106   0.0387447
         629     1.55946    0.955068   0.0386951
         630     1.49993    0.955933   0.0386433
         631     2.00506    0.957596   0.0386178
         632     2.21958    0.959592   0.0386083
         633     2.34565    0.961782   0.0386094
         634     2.45137    0.964132   0.0386199
         635     2.22463    0.966117   0.0386101
         636     2.50507    0.968536   0.0386251
         637     2.34211    0.970693   0.0386246
         638     2.25284    0.972702   0.0386163
         639     1.96625    0.974257   0.0385872
         640     2.03266    0.975911   0.0385623
         641     2.28413    0.977952   0.0385561
         642     2.30869    0.980025   0.0385517
         643      2.0891    0.981749   0.0385303
         644     2.48206    0.984079   0.0385409
         645     2.56458     0.98653   0.0385589
         646       2.087    0.988233   0.0385369
         647     1.36324    0.988813   0.0384817
         648     1.15152    0.989064   0.0384231
         649     1.30859    0.989556   0.0383671
         650     1.95911    0.991048    0.038337
         651     2.24752    0.992978   0.0383267
         652     2.30276    0.994987   0.0383205
         653      2.3417    0.997049   0.0383173
         654     2.19048    0.998874   0.0383021
         655     2.70147     1.00147   0.0383317
         656     2.49912     1.00376   0.0383412
         657     2.18962     1.00556   0.0383253
         658      2.4827     1.00781   0.0383328
         659     2.37133     1.00988   0.0383304
         660     2.14183     1.01159   0.0383107
         661     2.16071     1.01333   0.0382922
         662     1.56376     1.01416   0.0382433
         663     2.06399     1.01574   0.0382184
         664     1.85036       1.017   0.0381815
         665     1.97237     1.01844   0.0381511
         666     2.03528     1.01996   0.0381244
         667     2.59163     1.02232     0.03814
         668     2.98577     1.02526    0.038196
         669     2.84615     1.02798   0.0382357
         670     2.34964     1.02995   0.0382295
         671     2.27613     1.03181   0.0382176
         672     1.93631     1.03316   0.0381844
         673      1.9332     1.03449   0.0381511
         674     1.47579     1.03515   0.0381001
         675     1.42816     1.03573   0.0380481
         676     1.32996     1.03617   0.0379943
         677     1.68018     1.03712   0.0379501
         678     1.52881     1.03784   0.0379011
         679     1.50795     1.03854   0.0378516
         680     1.39654     1.03906   0.0377996
         681     1.19416     1.03929   0.0377448
         682     1.92659     1.04059   0.0377118
         683     1.50271     1.04127   0.0376627
         684     1.34836     1.04172   0.0376103
         685     1.11596     1.04182   0.0375556
         686     1.21804     1.04208   0.0375017
         687     1.65982     1.04298   0.0374579
         688     1.60936      1.0438   0.0374125
         689      1.2905     1.04416   0.0373599
         690     1.38909     1.04466   0.0373091
         691     1.54551     1.04539   0.0372621
         692     1.13117     1.04551   0.0372085
         693    0.912033     1.04532   0.0371553
         694      1.2976     1.04568   0.0371035
         695     1.38754     1.04617   0.0370534
         696     1.56493     1.04692   0.0370077
         697      1.7887     1.04798   0.0369699
         698     1.97627     1.04931   0.0369408
         699     2.09045      1.0508    0.036918
         700     1.99942     1.05216   0.0368901
         701     1.59604     1.05293   0.0368457
         702     1.72398     1.05389   0.0368056
         703     1.92852     1.05513   0.0367742
         704     1.97229     1.05644   0.0367451
         705      1.8576     1.05757   0.0367105
         706     1.74543     1.05855   0.0366714
         707     1.65542     1.05939   0.0366293
         708     1.97627     1.06069   0.0366004
         709     1.98895       1.062   0.0365722
         710     1.93749     1.06323   0.0365415
         711     2.61724     1.06541   0.0365554
         712     2.75029     1.06778   0.0365806
         713     2.71319     1.07009    0.036602
         714     2.56295     1.07218   0.0366104
         715      2.8623     1.07468   0.0366447
         716     2.75125     1.07702   0.0366683
         717     2.47507     1.07897   0.0366689
         718     2.23965     1.08059   0.0366535
         719     2.15699     1.08209   0.0366331
         720     2.52052     1.08409   0.0366366
         721      2.4867     1.08603   0.0366374
         722      2.4935     1.08798   0.0366385
         723     2.28526     1.08964   0.0366252
         724     1.99166     1.09088   0.0365958
         725     2.05145     1.09221   0.0365693
         726     2.45449     1.09408   0.0365671
         727     2.38207     1.09586   0.0365596
         728     2.50183     1.09779   0.0365604
         729     2.80525     1.10013   0.0365852
         730     2.94029     1.10265   0.0366218
         731     3.06437     1.10533   0.0366699
         732     3.21291     1.10821   0.0367327
         733     3.32432     1.11124   0.0368068
         734     2.79001     1.11352   0.0368276
         735     2.72996     1.11572   0.0368431
         736     2.65655     1.11782   0.0368525
         737     2.63051     1.11987   0.0368596
         738     2.83812      1.1222   0.0368831
         739     3.16194     1.12496   0.0369363
         740     3.09516     1.12762   0.0369823
         741     2.76668     1.12983   0.0369984
         742     2.64881     1.13188   0.0370052
         743     1.96474       1.133   0.0369723
         744     1.95617     1.13411   0.0369392
         745     1.98201     1.13524   0.0369071
         746     1.07949     1.13517   0.0368578
         747     1.19401     1.13525   0.0368085
         748     1.35662     1.13554   0.0367605
         749     1.16709     1.13559   0.0367114
         750      1.0827     1.13552   0.0366625
         751    0.984665     1.13531   0.0366143
         752     1.08044     1.13524   0.0365657
         753     1.57878     1.13583   0.0365218
         754     1.72713     1.13661   0.0364818
         755     1.64666     1.13729   0.0364398
         756     1.25203     1.13744   0.0363919
         757     1.22478     1.13756    0.036344
         758     1.13638     1.13756    0.036296
         759     1.31089     1.13778   0.0362489
         760     1.28598     1.13798   0.0362018
         761     1.49109     1.13844   0.0361572
         762        1.46     1.13887   0.0361122
         763     1.69929      1.1396   0.0360723
         764     1.48829     1.14006    0.036028
         765     1.97218     1.14114   0.0359973
         766     1.50056     1.14161   0.0359534
         767     1.63175     1.14225   0.0359122
         768      1.7388     1.14303   0.0358738
         769     1.77831     1.14386   0.0358367
         770     2.16596     1.14518   0.0358147
         771     1.90298     1.14617   0.0357817
         772     1.70451     1.14689   0.0357427
         773     1.76376     1.14769   0.0357054
         774     1.58064     1.14825   0.0356636
         775     1.93499     1.14926    0.035632
         776      1.9346     1.15027   0.0356005
         777     1.56548     1.15081   0.0355587
         778     1.39527     1.15112   0.0355144
         779     1.02824     1.15096   0.0354691
         780     1.16404     1.15098   0.0354237
         781     1.10433     1.15092   0.0353784
         782     1.17939     1.15096   0.0353331
         783     1.72225     1.15169   0.0352955
         784     1.59825     1.15226   0.0352551
         785     1.35326     1.15251   0.0352111
         786     1.32492     1.15273    0.035167
         787     1.43784     1.15309   0.0351242
         788     1.60244     1.15366   0.0350843
         789     1.62882     1.15427    0.035045
         790     1.52486     1.15474   0.0350037
         791     1.53311     1.15521   0.0349628
         792     1.51111     1.15566   0.0349215
         793     1.38377     1.15595   0.0348786
         794      1.6038     1.15652   0.0348393
         795     1.17731     1.15654   0.0347955
         796     1.15901     1.15654   0.0347517
         797     1.18895     1.15659   0.0347082
         798     1.40705      1.1569   0.0346661
         799     1.35604     1.15715   0.0346236
         800     1.17368     1.15717   0.0345803
         801     1.26205      1.1573   0.0345374
         802     1.22713     1.15739   0.0344945
         803     1.42838     1.15772   0.0344531
         804     1.90507     1.15865   0.0344228
         805     1.39903     1.15895   0.0343814
         806     1.09082     1.15887   0.0343388
         807     1.21369     1.15894   0.0342963
         808    0.836172     1.15854   0.0342562
         809     1.10981     1.15848   0.0342139
         810    0.995134     1.15827   0.0341723
         811    0.868261     1.15792    0.034132
         812    0.857525     1.15755    0.034092
         813    0.316976     1.15651   0.0340657
         814    0.160118     1.15529   0.0340459
         815     0.26737      1.1542   0.0340215
         816    0.528406     1.15343   0.0339885
         817    0.475799      1.1526    0.033957
         818    0.169239      1.1514   0.0339367
         819    0.387778     1.15047   0.0339081
         820    0.686734      1.1499   0.0338715
         821    0.683223     1.14933    0.033835
         822     1.01829     1.14918   0.0337942
         823    0.953913     1.14894    0.033754
         824     1.53833     1.14941   0.0337163
         825     1.76642     1.15016   0.0336837
         826      1.4101     1.15047   0.0336444
         827     1.41957      1.1508   0.0336053
         828     1.22132     1.15088   0.0335648
         829     1.35016     1.15112   0.0335252
         830     1.22518     1.15121   0.0334849
         831      1.0594      1.1511   0.0334448
         832    0.955454     1.15087   0.0334055
         833     1.13629     1.15085   0.0333654
         834    0.977127     1.15064    0.033326
         835     1.33678     1.15086   0.0332868
         836    0.944118     1.15062   0.0332479
         837     1.11112     1.15057   0.0332082
         838      1.3201     1.15077   0.0331692
         839     1.29437     1.15094   0.0331301
         840     1.14015     1.15093   0.0330907
         841    0.922768     1.15066   0.0330525
         842     1.04381     1.15053   0.0330135
         843     1.08371     1.15045   0.0329744
         844     1.20551     1.15052   0.0329354
         845     1.31287     1.15071    0.032897
         846     1.15201     1.15071   0.0328581
         847     1.01186     1.15055   0.0328197
         848    0.979897     1.15035   0.0327816
         849    0.889855     1.15004   0.0327444
         850    0.829547     1.14966   0.0327081
         851     1.28288     1.14982     0.03267
         852     1.63686     1.15039   0.0326367
         853     1.76941     1.15112   0.0326065
         854     1.56774     1.15161    0.032572
         855     1.69357     1.15224     0.03254
         856     1.99248     1.15322   0.0325168
         857      1.8269     1.15401   0.0324884
         858     1.81928     1.15478   0.0324598
         859     1.58009     1.15528   0.0324257
         860     1.62866     1.15583   0.0323927
         861     1.41182     1.15613   0.0323565
         862     1.51051     1.15654   0.0323215
         863     1.58728     1.15704   0.0322879
         864       1.442     1.15737   0.0322522
         865     1.45156     1.15771   0.0322168
         866      1.6899     1.15832   0.0321854
         867      1.3639     1.15856   0.0321492
         868       1.097     1.15849   0.0321122
         869     1.08253      1.1584   0.0320754
         870    0.668661     1.15784   0.0320434
         871    0.748363     1.15737   0.0320101
         872     1.04965     1.15724   0.0319736
         873     1.05315     1.15712   0.0319372
         874    0.852065     1.15677   0.0319026
         875     1.05134     1.15665   0.0318664
         876     1.16093     1.15666     0.03183
         877     1.43434     1.15697   0.0317953
         878      1.9388     1.15787   0.0317715
         879     1.59304     1.15836   0.0317392
         880     1.32635     1.15855   0.0317037
         881     1.05452     1.15843    0.031668
         882     1.18893     1.15847   0.0316321
         883     1.51754     1.15887   0.0315989
         884     1.63483     1.15941   0.0315677
         885     1.89316     1.16024   0.0315429
         886     2.18135     1.16139   0.0315284
         887     1.93362     1.16226   0.0315049
         888     1.47807     1.16262   0.0314714
         889     1.72223     1.16325   0.0314423
         890     1.95012     1.16413   0.0314194
         891     1.62737     1.16465   0.0313884
         892     1.96815     1.16555   0.0313661
         893     2.81547      1.1674   0.0313854
         894     2.18635     1.16854    0.031371
         895      2.4339     1.16996   0.0313678
         896     2.01184      1.1709   0.0313468
         897     1.87375     1.17168   0.0313217
         898      1.9653     1.17256   0.0312993
         899     1.65011     1.17309   0.0312689
         900     1.28396     1.17322   0.0312344
         901      1.2257     1.17328   0.0311998
         902      1.2171     1.17332   0.0311653
         903     1.00788     1.17314   0.0311313
         904     1.52999     1.17354   0.0310994
         905     1.28626     1.17366   0.0310653
         906     1.07156     1.17355   0.0310312
         907     1.28433     1.17367   0.0309972
         908     1.61995     1.17416    0.030967
         909     1.45087     1.17447   0.0309344
         910     1.51164     1.17484   0.0309026
         911     1.35836     1.17504   0.0308693
         912     1.26062     1.17513   0.0308356
         913     1.56628     1.17556   0.0308048
         914     1.61624     1.17604   0.0307749
         915     1.39463     1.17628   0.0307422
         916     1.02269     1.17611   0.0307091
         917     1.18343     1.17612   0.0306756
         918     1.44943     1.17642   0.0306436
         919     1.62748     1.17691   0.0306142
         920     1.69274     1.17747   0.0305861
         921     1.41737     1.17773    0.030554
         922     1.18206     1.17774   0.0305209
         923     1.45742     1.17804   0.0304893
         924     1.30694     1.17818   0.0304566
         925     1.45297     1.17848   0.0304251
         926     1.59605     1.17893   0.0303956
         927     1.71107      1.1795   0.0303682
         928     2.02303     1.18041   0.0303491
         929      1.7399     1.18101   0.0303224
         930     2.00776      1.1819   0.0303029
         931     1.47938     1.18222    0.030272
         932      1.8429     1.18293   0.0302478
         933     1.34812     1.18311   0.0302159
         934     1.26056     1.18319   0.0301837
         935     1.41863     1.18344   0.0301524
         936     1.54582     1.18383   0.0301227
         937     1.52122     1.18419   0.0300927
         938     1.74121     1.18478   0.0300665
         939     2.03547     1.18569   0.0300481
         940     1.89089     1.18644   0.0300255
         941     1.94061     1.18724   0.0300043
         942     1.65292     1.18773   0.0299765
         943     1.64977     1.18822   0.0299487
         944     1.77156     1.18884   0.0299234
         945     1.68537     1.18937   0.0298963
         946     1.81326     1.19003    0.029872
         947      1.8644     1.19074   0.0298489
         948     1.49111     1.19106   0.0298191
         949     1.25644     1.19112   0.0297878
         950     1.17338     1.19111   0.0297565
         951     1.12823     1.19104   0.0297252
         952     1.11654     1.19096   0.0296941
         953    0.922283     1.19068   0.0296643
         954     1.11877      1.1906   0.0296333
         955     1.24084     1.19066   0.0296023
         956     1.10346     1.19057   0.0295715
         957     1.53961     1.19093   0.0295428
         958     1.61282     1.19137   0.0295153
         959     1.92652     1.19214   0.0294945
         960     1.93871     1.19291    0.029474
         961     1.56189      1.1933   0.0294458
         962     1.56218     1.19368   0.0294177
         963       1.391     1.19389   0.0293879
         964     1.71782     1.19443   0.0293624
         965     1.39699     1.19464   0.0293327
         966     1.73705      1.1952   0.0293077
         967      1.3647     1.19538    0.029278
         968     1.63586     1.19583   0.0292512
         969     1.06937      1.1957   0.0292213
         970    0.821618     1.19532   0.0291938
         971     0.86951     1.19498   0.0291656
         972    0.861654     1.19464   0.0291376
         973     1.21749     1.19466   0.0291077
         974     1.18243     1.19465   0.0290778
         975     1.23523     1.19469    0.029048
         976     1.27346     1.19477   0.0290184
         977     1.34572     1.19493   0.0289891
         978     1.49887     1.19524   0.0289611
         979       1.459     1.19551   0.0289328
         980    0.981001     1.19529   0.0289041
         981     1.08074     1.19517   0.0288749
         982     1.07624     1.19505   0.0288457
         983     1.61617     1.19548   0.0288195
         984      1.1783     1.19546   0.0287903
         985     1.50927     1.19578   0.0287628
         986     1.38771     1.19597   0.0287343
         987     1.59206     1.19637    0.028708
         988     1.78717     1.19697   0.0286851
         989     1.81876      1.1976    0.028663
         990     1.81256     1.19822   0.0286408
         991     1.88371     1.19891   0.0286203
         992     1.61811     1.19934   0.0285945
         993      2.1059     1.20025   0.0285803
         994      2.5296     1.20159   0.0285828
         995     1.91753     1.20231   0.0285632
         996     2.28822      1.2034   0.0285553
         997     2.12415     1.20432   0.0285416
         998      1.7414     1.20486    0.028518
         999     1.58211     1.20524    0.028492
        1000     1.91499     1.20595   0.0284723
        1001     1.82318     1.20656   0.0284506
        1002     1.57925     1.20693   0.0284246
        1003     1.41359     1.20714    0.028397
        1004      1.7787     1.20771   0.0283744
        1005      1.2964      1.2078   0.0283463
        1006      1.4163     1.20801   0.0283189
        1007     1.01588     1.20781   0.0282914
        1008      0.8608     1.20747   0.0282655
        1009    0.765387     1.20703   0.0282409
        1010     1.09002     1.20692   0.0282131
        1011    0.749645     1.20646   0.0281888
        1012    0.399915     1.20567   0.0281723
        1013    0.444295     1.20492   0.0281545
        1014    0.688464     1.20441   0.0281313
        1015    0.725956     1.20393   0.0281075
        1016     1.05437     1.20379   0.0280803
        1017     1.15951     1.20374   0.0280527
        1018     1.29077     1.20383   0.0280253
        1019     1.22371     1.20385   0.0279978
        1020     0.96377     1.20361   0.0279713
        1021      1.1848     1.20359   0.0279439
        1022    0.958854     1.20336   0.0279176
        1023     1.63719     1.20378   0.0278935
        1024     1.42632       1.204   0.0278671
        1025     1.81001     1.20459   0.0278462
        1026     1.85891     1.20523   0.0278264
        1027     1.62035     1.20563   0.0278022
        1028     1.73786     1.20615     0.02778
        1029     1.54212     1.20647   0.0277549
        1030     1.61448     1.20687   0.0277308
        1031      1.3376       1.207   0.0277042
        1032     1.63602     1.20741   0.0276805
        1033     1.76358     1.20795   0.0276589
        1034     1.79227     1.20852   0.0276379
        1035     1.49258     1.20879   0.0276126
        1036     1.86667     1.20943   0.0275932
        1037      1.9912     1.21018   0.0275769
        1038      1.7225     1.21067   0.0275548
        1039     1.77116     1.21121   0.0275335
        1040     1.73779     1.21172   0.0275117
        1041     1.43727     1.21194   0.0274861
        1042     1.52047     1.21223   0.0274614
        1043     1.23367     1.21225    0.027435
        1044     1.71968     1.21274   0.0274131
        1045     1.87888     1.21338   0.0273942
        1046     1.52056     1.21367   0.0273696
        1047     1.63924     1.21408   0.0273465
        1048     1.87801     1.21471   0.0273277
        1049     1.77024     1.21524   0.0273068
        1050      1.1774      1.2152   0.0272808
        1051    0.732798     1.21474   0.0272587
        1052    0.861548     1.21441   0.0272349
        1053     0.88583      1.2141   0.0272108
        1054     1.20165     1.21408    0.027185
        1055     1.27757     1.21414   0.0271593
        1056     1.08665     1.21402   0.0271339
        1057    0.980411      1.2138   0.0271091
        1058    0.536735     1.21316    0.027091
        1059     0.62306     1.21261   0.0270712
        1060    0.747922     1.21217   0.0270492
        1061    0.753185     1.21173   0.0270271
        1062     1.01361     1.21155   0.0270023
        1063     1.04208     1.21139   0.0269774
        1064     1.09933     1.21128   0.0269523
        1065     0.86316     1.21096   0.0269289
        1066     1.10719     1.21086   0.0269038
        1067    0.590584     1.21028   0.0268849
        1068    0.756269     1.20985   0.0268631
        1069    0.773868     1.20945   0.0268411
        1070     1.13638     1.20938   0.0268161
        1071     1.52884     1.20968   0.0267927
        1072     1.07143     1.20955    0.026768
        1073    0.994749     1.20935   0.0267438
        1074     0.91882     1.20908   0.0267203
        1075     1.02342      1.2089    0.026696
        1076     1.65575     1.20932   0.0266744
        1077     1.08544      1.2092   0.0266499
        1078     1.09669      1.2091   0.0266254
        1079     1.15006     1.20904   0.0266007
        1080     1.39068     1.20921   0.0265766
        1081     1.41911     1.20941   0.0265528
        1082     1.51727     1.20969   0.0265297
        1083     1.24151     1.20972   0.0265053
        1084     1.42635     1.20992   0.0264816
        1085     1.41521     1.21011   0.0264578
        1086     1.29009     1.21018   0.0264336
        1087      1.5331     1.21048   0.0264109
        1088     1.42758     1.21068   0.0263874
        1089     1.34865     1.21081   0.0263635
        1090     1.09569      1.2107   0.0263395
        1091     1.24031     1.21073   0.0263154
        1092     1.31746     1.21083   0.0262915
        1093    0.844305     1.21049   0.0262695
        1094     1.04895     1.21034   0.0262459
        1095     1.12524     1.21026   0.0262221
        1096     1.22907     1.21028   0.0261982
        1097     1.50612     1.21055   0.0261757
        1098      1.7113     1.21101   0.0261558
        1099     1.47757     1.21125   0.0261331
        1100     1.14366     1.21119   0.0261095
        1101    0.984441     1.21098   0.0260865
        1102     1.05582     1.21084   0.0260633
        1103     1.26112     1.21089   0.0260397
        1104     1.72356     1.21135   0.0260202
        1105     1.39739     1.21152   0.0259972
        1106     1.10532     1.21142   0.0259739
        1107    0.648972     1.21092   0.0259554
        1108    0.650978     1.21041   0.0259369
        1109     0.86762      1.2101   0.0259153
        1110     1.55798     1.21042   0.0258939
        1111     1.46309     1.21064   0.0258716
        1112     1.10975     1.21055   0.0258485
        1113     1.30989     1.21064   0.0258254
        1114    0.977617     1.21043   0.0258031
        1115    0.890865     1.21015   0.0257815
        1116    0.773844     1.20975   0.0257614
        1117    0.666636     1.20927   0.0257429
        1118    0.945558     1.20903    0.025721
        1119     1.21355     1.20904    0.025698
        1120     1.70781     1.20948   0.0256789
        1121     1.68077      1.2099   0.0256594
        1122     1.88085      1.2105   0.0256435
        1123     1.75856     1.21099   0.0256253
        1124      1.7264     1.21145   0.0256066
        1125     1.60567      1.2118   0.0255863
        1126     1.44019       1.212   0.0255644
        1127      1.1801     1.21197   0.0255417
        1128     0.93842     1.21173   0.0255202
        1129    0.660675     1.21124   0.0255023
        1130    0.723855     1.21081   0.0254833
        1131    0.810074     1.21046   0.0254633
        1132    0.436647     1.20977   0.0254499
        1133    0.639303     1.20927   0.0254325
        1134     0.42664     1.20858   0.0254194
        1135    0.775743      1.2082   0.0253999
        1136    0.986179       1.208   0.0253783
        1137    0.886648     1.20772   0.0253575
        1138     1.29516      1.2078   0.0253353
        1139     1.31743     1.20789   0.0253133
        1140      1.7696     1.20838   0.0252959
        1141     2.08643     1.20915   0.0252854
        1142     1.83107      1.2097   0.0252691
        1143     1.38633     1.20985   0.0252475
        1144     1.37959        1.21   0.0252259
        1145     1.87047     1.21058   0.0252104
        1146     1.50413     1.21083   0.0251897
        1147     1.56744     1.21115   0.0251697
        1148      1.5398     1.21143   0.0251494
        1149     1.14669     1.21138   0.0251276
        1150    0.688978     1.21092   0.0251098
        1151    0.441501     1.21025   0.0250969
        1152    0.751528     1.20985   0.0250783
        1153     1.14099     1.20979   0.0250566
        1154    0.893129     1.20952   0.0250364
        1155     1.01213     1.20935   0.0250153
        1156     1.07813     1.20924   0.0249939
        1157    0.917142     1.20898   0.0249736
        1158    0.825812     1.20865   0.0249542
        1159    0.711591     1.20822   0.0249364
        1160    0.519632     1.20763   0.0249219
        1161    0.363447      1.2069   0.0249111
        1162     0.60975     1.20639   0.0248949
        1163    0.556944     1.20583   0.0248798
        1164     0.48554     1.20521   0.0248661
        1165    0.707132     1.20478   0.0248484
        1166     1.05999     1.20466   0.0248274
        1167    0.813451     1.20432   0.0248084
        1168    0.551816     1.20377   0.0247935
        1169     1.09985     1.20368   0.0247724
        1170    0.921677     1.20344   0.0247524
        1171    0.751762     1.20305   0.0247343
        1172    0.640344     1.20257   0.0247178
        1173     0.87765     1.20229   0.0246983
        1174    0.809801     1.20196   0.0246795
        1175    0.787428     1.20161   0.0246611
        1176    0.520029     1.20103   0.0246469
        1177     1.01343     1.20087   0.0246265
        1178    0.797663     1.20053    0.024608
        1179    0.673283     1.20008   0.0245911
        1180    0.595418     1.19957   0.0245756
        1181    0.916797     1.19933    0.024556
        1182    0.884021     1.19906   0.0245367
        1183     1.18911     1.19905   0.0245159
        1184     1.45263     1.19926   0.0244962
        1185     1.40073     1.19943   0.0244761
        1186     1.57114     1.19975   0.0244575
        1187     1.60301     1.20009   0.0244392
        1188     1.36012     1.20022    0.024419
        1189      1.5003     1.20048   0.0243998
        1190     1.57709     1.20079   0.0243813
        1191     1.52589     1.20106   0.0243624
        1192     1.72374      1.2015   0.0243459
        1193     2.02783      1.2022   0.0243353
        1194      1.8095      1.2027   0.0243203
        1195     2.11166     1.20347   0.0243118
        1196     2.20459      1.2043   0.0243059
        1197     2.13728     1.20508   0.0242981
        1198     2.05007     1.20579    0.024288
        1199     2.12435     1.20655   0.0242798
        1200     1.80956     1.20706   0.0242648
        1201     1.69776     1.20746    0.024248
        1202     1.38607     1.20761   0.0242283
        1203     1.23596     1.20764   0.0242082
        1204     1.18518     1.20762   0.0241881
        1205     1.37301     1.20775   0.0241684
        1206     1.40435     1.20792   0.0241489
        1207     1.78991      1.2084   0.0241337
        1208     1.78273     1.20888   0.0241184
        1209     1.95867      1.2095   0.0241065
        1210     1.76757     1.20996   0.0240909
        1211     1.52039     1.21021   0.0240724
        1212     1.79147     1.21069   0.0240573
        1213     2.54084     1.21179   0.0240625
        1214     1.97537     1.21242   0.0240509
        1215     1.56104     1.21271   0.0240328
        1216     1.69451      1.2131   0.0240163
        1217     1.95401     1.21371   0.0240043
        1218     2.00317     1.21436   0.0239933
        1219     1.92518     1.21494   0.0239807
        1220     2.38003      1.2159   0.0239801
        1221     2.38912     1.21686   0.0239797
        1222     1.83546     1.21736   0.0239654
        1223     2.39993     1.21833   0.0239653
        1224     2.08522     1.21904   0.0239562
        1225      2.1569      1.2198   0.0239489
        1226     2.09311     1.22052   0.0239399
        1227     2.51218     1.22157   0.0239435
        1228     2.13725     1.22232   0.0239356
        1229     2.16761     1.22308   0.0239285
        1230     2.08702     1.22379   0.0239194
        1231     2.14157     1.22453   0.0239116
        1232     1.49877     1.22475   0.0238932
        1233     1.80766     1.22523   0.0238785
        1234     1.52466     1.22547   0.0238604
        1235     1.22866     1.22547   0.0238411
        1236     1.39745     1.22561   0.0238222
        1237     1.68497     1.22598   0.0238058
        1238     2.07839     1.22667   0.0237965
        1239     1.85846     1.22718   0.0237828
        1240      2.3702      1.2281   0.0237815
        1241     2.58383      1.2292   0.0237874
        1242     2.60093      1.2303   0.0237939
        1243     3.11889     1.23182   0.0238232
        1244     3.26453     1.23345     0.02386
        1245     2.54644     1.23451   0.0238641
        1246     2.11911     1.23522   0.0238555
        1247     1.91719     1.23577   0.0238427
        1248     2.05267     1.23642   0.0238325
        1249     2.04429     1.23707   0.0238222
        1250     2.01587     1.23769   0.0238113
        1251     2.31537     1.23855   0.0238079
        1252     2.35043     1.23944   0.0238054
        1253     2.09216     1.24012   0.0237961
        1254     1.86846     1.24062   0.0237824
        1255      2.3184     1.24148    0.023779
        1256     2.42577     1.24242   0.0237787
        1257     2.20239     1.24319   0.0237721
        1258     2.21906     1.24396   0.0237658
        1259     2.62224     1.24506   0.0237722
        1260      2.5048     1.24606   0.0237743
        1261     2.27334     1.24687   0.0237694
        1262     2.23252     1.24765   0.0237634
        1263     2.28077     1.24847   0.0237587
        1264     2.02737     1.24909   0.0237479
        1265     1.97821     1.24966   0.0237361
        1266      2.0616      1.2503    0.023726
        1267     1.63353     1.25061   0.0237092
        1268     1.52088     1.25082   0.0236915
        1269     1.54563     1.25105   0.0236739
        1270     1.55258     1.25129   0.0236565
        1271     1.46662     1.25146   0.0236385
        1272     1.43809     1.25161   0.0236203
        1273     1.27148     1.25162   0.0236018
        1274     1.66142     1.25194   0.0235855
        1275     1.27513     1.25196    0.023567
        1276     1.47447     1.25214   0.0235491
        1277     1.41178     1.25226    0.023531
        1278     1.74895     1.25265   0.0235158
        1279      1.8634     1.25313   0.0235023
        1280     2.13132     1.25381   0.0234939
        1281     1.94677     1.25435   0.0234818
        1282     2.03146     1.25496   0.0234713
        1283     2.01178     1.25555   0.0234605
        1284     1.91405     1.25606   0.0234478
        1285       1.228     1.25604   0.0234296
        1286     1.50102     1.25623   0.0234121
        1287     1.65224     1.25654   0.0233959
        1288     1.38293     1.25664    0.023378
        1289     1.73132     1.25701   0.0233627
        1290     1.50405      1.2572   0.0233454
        1291     1.61531     1.25747    0.023329
        1292     1.68071      1.2578   0.0233132
        1293     1.36351     1.25788   0.0232953
        1294     1.30537     1.25792   0.0232774
        1295     1.77498     1.25832   0.0232628
        1296     1.49537      1.2585   0.0232456
        1297     1.51147      1.2587   0.0232285
        1298     1.83208     1.25914   0.0232148
        1299     1.99904     1.25971   0.0232039
        1300     1.95329     1.26024   0.0231922
        1301     1.35282     1.26031   0.0231745
        1302     1.74052     1.26068   0.0231596
        1303     1.73091     1.26104   0.0231446
        1304     1.71893     1.26139   0.0231296
        1305     1.92596      1.2619   0.0231174
        1306     1.83249     1.26234   0.0231039
        1307     2.17062     1.26304   0.0230966
        1308     2.13355      1.2637   0.0230886
        1309     2.37284     1.26455   0.0230865
        1310     2.66175     1.26561   0.0230935
        1311     2.42081      1.2665   0.0230927
        1312     2.08395     1.26712   0.0230835
        1313      1.9242     1.26762   0.0230713
        1314     1.95813     1.26814   0.0230597
        1315     1.52599     1.26834    0.023043
        1316     1.50281     1.26852   0.0230262
        1317    0.992716     1.26831   0.0230097
        1318     1.21993     1.26827   0.0229922
        1319     1.32606     1.26832   0.0229749
        1320     1.44052     1.26845   0.0229578
        1321     1.66952     1.26875   0.0229425
        1322     1.52401     1.26894   0.0229259
        1323     2.15419     1.26961   0.0229183
        1324     1.46843     1.26976   0.0229015
        1325     1.01186     1.26957   0.0228851
        1326     1.11129     1.26945   0.0228681
        1327     1.54679     1.26966   0.0228518
        1328     1.76205     1.27003   0.0228376
        1329      2.0135     1.27059   0.0228273
        1330     1.82075       1.271   0.0228139
        1331     1.92057     1.27149    0.022802
        1332      1.6776      1.2718   0.0227869
        1333     1.43283     1.27192   0.0227701
        1334     1.83431     1.27234    0.022757
        1335     1.59567     1.27258   0.0227412
        1336     1.78533     1.27296   0.0227274
        1337     1.97699     1.27349   0.0227165
        1338     1.93687     1.27399   0.0227049
        1339     1.54481     1.27419   0.0226889
        1340     1.24381     1.27417    0.022672
        1341      1.1763     1.27409   0.0226552
        1342    0.921452     1.27383   0.0226398
        1343    0.964198      1.2736   0.0226241
        1344     1.89847     1.27406   0.0226121
        1345      1.8041     1.27446   0.0225987
        1346     1.49474     1.27462   0.0225825
        1347     1.79676     1.27501   0.0225691
        1348     1.43035     1.27512   0.0225526
        1349     1.66429     1.27541   0.0225377
        1350     1.32966     1.27545   0.0225211
        1351     1.18024     1.27538   0.0225045
        1352     0.77166     1.27501    0.022491
        1353     1.02783     1.27483   0.0224751
        1354     1.02548     1.27464   0.0224592
        1355     1.00553     1.27444   0.0224435
        1356    0.971106     1.27422   0.0224281
        1357      1.1064      1.2741   0.0224119
        1358     1.37128     1.27417   0.0223955
        1359     1.26919     1.27417    0.022379
        1360     1.32835     1.27421   0.0223626
        1361     1.68204      1.2745   0.0223482
        1362     1.46836     1.27465   0.0223323
        1363     2.17637     1.27531   0.0223257
        1364     2.68284     1.27634   0.0223331
        1365     2.89034     1.27752    0.022348
        1366     2.61107      1.2785    0.022353
        1367     1.86071     1.27893   0.0223407
        1368     1.47714     1.27907   0.0223248
        1369     1.90895     1.27953   0.0223133
        1370     2.07047     1.28011   0.0223045
        1371     1.76746     1.28046    0.022291
        1372      1.8373     1.28087   0.0222785
        1373     1.52039     1.28104   0.0222629
        1374     1.48242     1.28119   0.0222472
        1375     2.08535     1.28177   0.0222387
        1376     2.00135      1.2823   0.0222287
        1377     2.03709     1.28285   0.0222193
        1378     1.84748     1.28326    0.022207
        1379     1.40628     1.28334    0.022191
        1380    0.565016     1.28282   0.0221811
        1381    0.796044     1.28247   0.0221678
        1382    0.891523     1.28219   0.0221536
        1383    0.937838     1.28194    0.022139
        1384    0.906799     1.28167   0.0221246
        1385    0.846237     1.28135   0.0221109
        1386    0.489037     1.28078   0.0221023
        1387    0.704383     1.28037   0.0220903
        1388    0.836557     1.28005   0.0220767
        1389    0.925102     1.27979   0.0220623
        1390    0.792823     1.27944   0.0220492
        1391    0.750169     1.27906   0.0220366
        1392    0.867263     1.27877   0.0220228
        1393     1.27564     1.27876   0.0220069
        1394     1.27963     1.27876   0.0219912
        1395     1.30652     1.27878   0.0219754
        1396     1.26482     1.27877   0.0219597
        1397     1.32723     1.27881    0.021944
        1398     1.12763      1.2787   0.0219285
        1399    0.924214     1.27845   0.0219143
        1400    0.735068     1.27806   0.0219021
        1401     0.72563     1.27766     0.02189
        1402    0.625167      1.2772   0.0218794
        1403    0.964141     1.27698   0.0218649
        1404     1.29356     1.27699   0.0218493
        1405     1.40621     1.27708    0.021834
        1406     1.66282     1.27735   0.0218202
        1407     1.71648     1.27767   0.0218069
        1408     1.97303     1.27816    0.021797
        1409     1.42507     1.27826   0.0217818
        1410     1.51161     1.27843    0.021767
        1411     1.43707     1.27854   0.0217518
        1412     1.33232     1.27858   0.0217365
        1413     1.44225      1.2787   0.0217214
        1414     1.33098     1.27873   0.0217061
        1415     1.31564     1.27876   0.0216907
        1416     1.03117     1.27858   0.0216761
        1417     1.12401     1.27848   0.0216611
        1418    0.909837     1.27822   0.0216474
        1419    0.836484      1.2779   0.0216344
        1420     1.28492     1.27791   0.0216191
        1421     1.37556     1.27798    0.021604
        1422      1.2066     1.27793   0.0215889
        1423     1.25902     1.27791   0.0215737
        1424    0.966833      1.2777   0.0215597
        1425     1.10916     1.27758   0.0215449
        1426     1.17048      1.2775   0.0215299
        1427       1.027     1.27733   0.0215155
        1428    0.939782     1.27709   0.0215018
        1429     1.26109     1.27708   0.0214867
        1430     1.08519     1.27694   0.0214721
        1431     1.29149     1.27696   0.0214571
        1432     1.51104     1.27712   0.0214427
        1433     1.14399     1.27703    0.021428
        1434    0.891298     1.27676   0.0214147
        1435     1.28706     1.27676   0.0213998
        1436     1.74185     1.27709   0.0213873
        1437     2.09222     1.27765     0.02138
        1438     1.90819     1.27809   0.0213696
        1439     1.12434     1.27799    0.021355
        1440     1.68279     1.27827    0.021342
        1441     1.69754     1.27856   0.0213292
        1442     1.34086      1.2786   0.0213145
        1443     1.22956     1.27857   0.0212997
        1444     1.36795     1.27863   0.0212851
        1445     2.19122     1.27926   0.0212797
        1446     2.01381     1.27977   0.0212711
        1447     2.14305     1.28037   0.0212647
        1448     2.31413     1.28108    0.021262
        1449     2.15466     1.28168   0.0212559
        1450     1.79238     1.28203   0.0212441
        1451     2.40305     1.28281   0.0212435
        1452     2.25028     1.28347   0.0212394
        1453     2.49839     1.28431   0.0212412
        1454     2.35824     1.28505   0.0212394
        1455     2.41067     1.28582   0.0212389
        1456     3.04707     1.28703   0.0212587
        1457     2.87922     1.28812   0.0212722
        1458     2.12187      1.2887   0.0212653
        1459     1.78167     1.28903   0.0212534
        1460     1.79053     1.28938   0.0212416
        1461     1.92654     1.28981   0.0212316
        1462     1.92403     1.29025   0.0212215
        1463     1.72835     1.29055   0.0212091
        1464     1.81724     1.29091   0.0211977
        1465     1.93506     1.29135   0.0211878
        1466     1.94553     1.29179    0.021178
        1467      1.7401      1.2921   0.0211658
        1468     1.90701     1.29252   0.0211555
        1469     1.99705       1.293   0.0211465
        1470     2.18595      1.2936   0.0211409
        1471     2.18904     1.29421   0.0211353
        1472     2.64261     1.29513   0.0211407
        1473     2.86237     1.29619   0.0211531
        1474     2.43833     1.29697    0.021153
        1475     2.64737     1.29788   0.0211584
        1476     2.50618      1.2987   0.0211599
        1477     2.83788     1.29974   0.0211713
        1478     2.41656      1.3005   0.0211704
        1479     2.31328     1.30118   0.0211672
        1480     2.73161     1.30215   0.0211749
        1481     2.53091     1.30298   0.0211769
        1482     2.16486     1.30356   0.0211706
        1483     2.14932     1.30413    0.021164
        1484     1.81828     1.30448   0.0211525
        1485     1.91233     1.30489   0.0211423
        1486     1.84531     1.30525   0.0211312
        1487     1.81693      1.3056   0.0211198
        1488     1.60857      1.3058   0.0211065
        1489     1.73657     1.30609   0.0210943
        1490      1.8227     1.30644    0.021083
        1491     1.75584     1.30674   0.0210711
        1492      1.5757     1.30692   0.0210577
        1493     1.53843     1.30707   0.0210442
        1494     1.34994      1.3071   0.0210301
        1495     1.55587     1.30727   0.0210167
        1496     1.54866     1.30743   0.0210033
        1497     1.00995     1.30723   0.0209902
        1498     1.05396     1.30706   0.0209768
        1499     1.50705     1.30719   0.0209633
        1500     1.27564     1.30717   0.0209493
        1501     1.38376     1.30722   0.0209354
        1502     1.73679     1.30751   0.0209234
        1503     2.12581     1.30806   0.0209166
        1504     2.16245     1.30862   0.0209104
        1505      2.2743     1.30926   0.0209063
        1506     2.42419     1.31001   0.0209056
        1507     2.20572      1.3106   0.0209001
        1508     2.05261     1.31109   0.0208921
        1509     1.84936     1.31145   0.0208813
        1510        1.32     1.31145   0.0208674
        1511     1.29969     1.31145   0.0208536
        1512     1.33975     1.31146   0.0208399
        1513     1.74609     1.31175   0.0208281
        1514     1.77493     1.31206   0.0208165
        1515      1.5667     1.31223   0.0208035
        1516     1.94656     1.31264    0.020794
        1517     1.34283     1.31266   0.0207803
        1518     1.15609     1.31256   0.0207668
        1519     1.36692      1.3126   0.0207532
        1520     1.40697     1.31266   0.0207396
        1521     1.75896     1.31295   0.0207281
        1522     1.79359     1.31327   0.0207169
        1523     1.51483      1.3134   0.0207037
        1524      1.2932     1.31339   0.0206901
        1525     1.19652     1.31331   0.0206767
        1526     1.60033      1.3135    0.020664
        1527     1.31235      1.3135   0.0206505
        1528     1.59887     1.31369   0.0206378
        1529     1.96514     1.31411   0.0206287
        1530     1.38011     1.31415   0.0206152
        1531     1.45845     1.31425    0.020602
        1532      1.5034     1.31437   0.0205889
        1533     1.63356     1.31458   0.0205765
        1534     1.80409      1.3149   0.0205656
        1535     2.22089     1.31549   0.0205607
        1536     1.83578     1.31583   0.0205501
        1537      2.2852     1.31646   0.0205464
        1538     1.92435     1.31685   0.0205368
        1539     2.05301     1.31733    0.020529
        1540     2.44409     1.31806   0.0205288
        1541      2.3517     1.31873   0.0205264
        1542     2.32339     1.31939   0.0205234
        1543     2.00907     1.31983    0.020515
        1544     1.94518     1.32024   0.0205057
        1545     2.41479     1.32095   0.0205047
        1546     2.41339     1.32165   0.0205036
        1547     2.51017     1.32242   0.0205047
        1548     2.46953     1.32316   0.0205048
        1549     2.45543     1.32389   0.0205046
        1550     1.95874      1.3243   0.0204955
        1551     2.22069     1.32488   0.0204904
        1552     2.56975     1.32568   0.0204929
        1553     2.45312     1.32641   0.0204926
        1554     2.15772     1.32694   0.0204864
        1555     2.25282     1.32754   0.0204818
        1556     2.04689       1.328   0.0204739
        1557     1.92282     1.32838   0.0204643
        1558     2.10978     1.32889   0.0204573
        1559     1.51621     1.32901   0.0204445
        1560     1.75614     1.32928   0.0204333
        1561     1.93927     1.32967   0.0204239
        1562     2.03422     1.33012   0.0204158
        1563     1.89012     1.33048   0.0204059
        1564     2.06114     1.33095   0.0203982
        1565     2.09637     1.33144    0.020391
        1566     2.48267     1.33217   0.0203913
        1567     1.95628     1.33257   0.0203821
        1568     1.56956     1.33272   0.0203697
        1569     1.39153     1.33276   0.0203568
        1570     1.30842     1.33274   0.0203438
        1571     1.94855     1.33313   0.0203346
        1572     1.96884     1.33354   0.0203257
        1573     1.88065     1.33389   0.0203158
        1574     1.93485     1.33427   0.0203064
        1575     1.49468     1.33437   0.0202938
        1576     1.32231     1.33436   0.0202809
        1577     1.46322     1.33444   0.0202682
        1578     1.34048     1.33445   0.0202554
        1579     1.23404     1.33438   0.0202427
        1580     1.48361     1.33448   0.0202301
        1581     1.44299     1.33455   0.0202174
        1582     1.67941     1.33477   0.0202058
        1583     1.45953     1.33484   0.0201932
        1584     1.52917     1.33497   0.0201808
        1585     2.00179     1.33539   0.0201724
        1586     1.45706     1.33546   0.0201599
        1587     1.08777     1.33531   0.0201478
        1588     1.29769     1.33528   0.0201351
        1589     1.22849     1.33522   0.0201225
        1590     1.13188     1.33509   0.0201103
        1591     1.15406     1.33498    0.020098
        1592    0.831099     1.33466   0.0200878
        1593    0.676783     1.33425   0.0200795
        1594    0.529133     1.33374   0.0200732
        1595    0.114399     1.33298   0.0200752
        1596    0.664806     1.33256    0.020067
        1597    0.947928     1.33232   0.0200559
        1598     1.16409     1.33221   0.0200436
        1599     1.01884     1.33202    0.020032
        1600     1.19368     1.33193   0.0200197
        1601    0.791027     1.33159     0.02001
        1602    0.718256     1.33121   0.0200012
        1603    0.695102     1.33081   0.0199927
        1604    0.354531      1.3302   0.0199895
        1605     0.75243     1.32984   0.0199802
        1606    0.820134     1.32953   0.0199703
        1607    0.873553     1.32924   0.0199599
        1608    0.364446     1.32864   0.0199565
        1609    0.547001     1.32816     0.01995
        1610     0.80361     1.32783   0.0199403
        1611    0.882862     1.32755   0.0199298
        1612     1.04445     1.32738   0.0199182
        1613    0.725078     1.32701   0.0199094
        1614     1.18526     1.32692   0.0198972
        1615     1.66108     1.32712    0.019886
        1616     1.90112     1.32748   0.0198769
        1617     1.26986     1.32744   0.0198646
        1618     1.51879     1.32756   0.0198527
        1619     1.86111     1.32789   0.0198432
        1620     1.60207     1.32806   0.0198316
        1621     1.73636     1.32831    0.019821
        1622     1.59526     1.32848   0.0198095
        1623     1.43011     1.32854   0.0197973
        1624      1.0656     1.32838   0.0197858
        1625     1.16764     1.32828   0.0197739
        1626     1.35792      1.3283   0.0197617
        1627     1.76841     1.32857   0.0197514
        1628     1.72598     1.32881   0.0197408
        1629     1.24432     1.32876   0.0197288
        1630     1.30578     1.32875   0.0197167
        1631     1.56788     1.32889   0.0197051
        1632     1.73011     1.32914   0.0196946
        1633     1.28628     1.32911   0.0196825
        1634     1.41996     1.32917   0.0196706
        1635     2.03656      1.3296   0.0196633
        1636     1.67948     1.32981   0.0196524
        1637     1.67562     1.33003   0.0196416
        1638     1.65977     1.33023   0.0196306
        1639     2.17039     1.33074   0.0196253
        1640     2.87417     1.33168   0.0196359
        1641     2.73726     1.33254   0.0196426
        1642     2.32495     1.33314     0.01964
        1643     2.52855     1.33387   0.0196415
        1644     2.24877     1.33443   0.0196374
        1645     2.60047      1.3352   0.0196406
        1646     2.29531     1.33578   0.0196373
        1647     2.09907     1.33624   0.0196308
        1648      2.0824      1.3367   0.0196241
        1649     2.20406     1.33722   0.0196193
        1650     2.32018     1.33782   0.0196164
        1651     1.69319     1.33803   0.0196057
        1652     2.01543     1.33844   0.0195981
        1653     2.15319     1.33894   0.0195925
        1654     2.45669     1.33961   0.0195923
        1655     2.32208      1.3402   0.0195894
        1656       2.092     1.34066   0.0195829
        1657     2.03725     1.34108   0.0195756
        1658     1.92961     1.34143    0.019567
        1659     1.63957     1.34161    0.019556
        1660      1.5917     1.34176   0.0195448
        1661     1.45752     1.34183   0.0195332
        1662     1.07675     1.34167   0.0195221
        1663     1.17447     1.34157   0.0195106
        1664     1.45581     1.34164    0.019499
        1665      1.4703     1.34172   0.0194874
        1666     1.23111     1.34165   0.0194758
        1667     1.10878     1.34151   0.0194647
        1668     1.27566     1.34147    0.019453
        1669     1.09458     1.34133   0.0194419
        1670     1.24341     1.34127   0.0194304
        1671     1.31456     1.34125   0.0194188
        1672     1.55506     1.34138   0.0194076
        1673     1.83206     1.34167   0.0193982
        1674     1.47467     1.34175   0.0193868
        1675     1.08915      1.3416   0.0193758
        1676    0.925358     1.34135   0.0193658
        1677    0.995518     1.34115   0.0193554
        1678    0.951202     1.34091   0.0193452
        1679    0.756026     1.34057   0.0193368
        1680    0.988817     1.34036   0.0193265
        1681    0.549112     1.33989   0.0193207
        1682    0.889921     1.33962   0.0193111
        1683     1.35094     1.33963   0.0192996
        1684     1.34695     1.33963   0.0192881
        1685     1.06997     1.33947   0.0192773
        1686     1.15359     1.33936   0.0192662
        1687      1.0477     1.33919   0.0192556
        1688    0.946315     1.33895   0.0192456
        1689    0.999296     1.33875   0.0192352
        1690     1.15188     1.33864   0.0192242
        1691     1.15583     1.33853   0.0192131
        1692      1.0343     1.33835   0.0192026
        1693     1.19217     1.33827   0.0191914
        1694     1.28111     1.33823   0.0191801
        1695     1.40711     1.33827   0.0191689
        1696     1.62862     1.33845   0.0191583
        1697     1.68047     1.33865   0.0191481
        1698     2.05094     1.33907   0.0191414
        1699     1.92192     1.33941   0.0191332
        1700     2.02898     1.33982   0.0191263
        1701     1.79277     1.34008   0.0191169
        1702     1.66558     1.34027   0.0191066
        1703     1.36368     1.34029   0.0190954
        1704    0.989866     1.34008   0.0190853
        1705     0.96733     1.33986   0.0190753
        1706     1.12277     1.33974   0.0190646
        1707     1.13164     1.33961   0.0190538
        1708    0.993945     1.33941   0.0190437
        1709     1.02305     1.33923   0.0190335
        1710     1.64202      1.3394   0.0190232
        1711     1.43428     1.33946   0.0190121
        1712     1.36037     1.33947    0.019001
        1713     1.73997      1.3397   0.0189914
        1714     1.75357     1.33995   0.0189818
        1715     1.81515     1.34022   0.0189728
        1716     2.12913     1.34068   0.0189673
        1717      2.6693     1.34146    0.018972
        1718     1.99755     1.34184   0.0189648
        1719     1.72024     1.34206   0.0189551
        1720      1.9786     1.34243   0.0189477
        1721     1.88981     1.34275   0.0189393
        1722     1.14313     1.34263   0.0189287
        1723     1.04298     1.34246   0.0189185
        1724     1.48589     1.34254   0.0189077
        1725      1.0636     1.34238   0.0188974
        1726     1.64676     1.34255   0.0188873
        1727     1.49209     1.34264   0.0188766
        1728     1.47056     1.34272   0.0188658
        1729     1.51851     1.34282   0.0188552
        1730     1.66974     1.34301   0.0188452
        1731     1.42934     1.34306   0.0188344
        1732     1.35573     1.34306   0.0188235
        1733     1.51591     1.34316   0.0188129
        1734     1.55676     1.34329   0.0188025
        1735     1.54315      1.3434    0.018792
        1736     1.51132      1.3435   0.0187814
        1737     1.42301     1.34354   0.0187707
        1738     1.46996     1.34362     0.01876
        1739     1.32001      1.3436   0.0187492
        1740     1.38587     1.34363   0.0187385
        1741     1.82326      1.3439   0.0187297
        1742     2.19636     1.34439   0.0187254
        1743     1.86184     1.34469    0.018717
        1744     2.16037     1.34516   0.0187121
        1745     2.14009     1.34561   0.0187069
        1746     1.96187     1.34597   0.0186995
        1747     2.37859     1.34656   0.0186982
        1748       1.919     1.34688   0.0186903
        1749     2.03699     1.34728   0.0186838
        1750     2.05906     1.34769   0.0186776
        1751      2.4911     1.34834   0.0186783
        1752     1.94577     1.34868   0.0186707
        1753     1.40815     1.34871   0.0186601
        1754     1.50486      1.3488   0.0186497
        1755     1.18028     1.34871   0.0186393
        1756     1.49304     1.34879   0.0186289
        1757     1.34226     1.34878   0.0186183
        1758     1.41212     1.34882   0.0186077
        1759     1.34138     1.34882   0.0185972
        1760     1.06637     1.34866   0.0185873
        1761     1.30055     1.34863   0.0185767
        1762     1.29292      1.3486   0.0185662
        1763     1.01859     1.34841   0.0185566
        1764     1.43147     1.34846   0.0185462
        1765     1.07193      1.3483   0.0185363
        1766    0.910292     1.34805   0.0185275
        1767    0.797419     1.34774   0.0185196
        1768    0.946341     1.34751   0.0185105
        1769     0.85327     1.34723   0.0185022
        1770    0.755494      1.3469   0.0184948
        1771    0.483548     1.34641   0.0184907
        1772    0.340857     1.34584    0.018489
        1773    0.479753     1.34536    0.018485
        1774    0.575344     1.34492   0.0184797
        1775    0.702632     1.34456   0.0184728
        1776    0.613129     1.34415    0.018467
        1777    0.710958     1.34379   0.0184601
        1778    0.620319     1.34339   0.0184542
        1779    0.577274     1.34295   0.0184488
        1780    0.573515     1.34252   0.0184435
        1781    0.989503     1.34232   0.0184342
        1782      1.2425     1.34227    0.018424
        1783    0.979585     1.34206   0.0184148
        1784    0.891346     1.34181   0.0184062
        1785     0.99937     1.34162   0.0183969
        1786     1.32983     1.34161   0.0183866
        1787     1.69238     1.34181   0.0183773
        1788     1.62362     1.34197   0.0183677
        1789     1.66155     1.34215   0.0183583
        1790     1.56569     1.34227   0.0183485
        1791     1.39622      1.3423   0.0183383
        1792     1.67715     1.34249    0.018329
        1793     1.88293     1.34279   0.0183212
        1794     1.91684     1.34311   0.0183138
        1795     1.96421     1.34346   0.0183069
        1796     2.03388     1.34384   0.0183007
        1797     2.16971      1.3443   0.0182963
        1798     1.97445     1.34465   0.0182895
        1799      2.1363     1.34509   0.0182846
        1800     2.05727     1.34549   0.0182788
        1801     1.50956     1.34558   0.0182688
        1802     1.86446     1.34586    0.018261
        1803     2.11634     1.34629   0.0182558
        1804     1.96898     1.34664    0.018249
        1805     2.07492     1.34704   0.0182433
        1806     2.26264     1.34755   0.0182403
        1807     2.39053     1.34812   0.0182393
        1808     2.17784     1.34858    0.018235
        1809     1.86138     1.34887   0.0182271
        1810     2.50256      1.3495   0.0182282
        1811     2.37225     1.35007   0.0182269
        1812     1.84474     1.35034   0.0182188
        1813     1.81239      1.3506   0.0182106
        1814     2.22705     1.35108   0.0182069
        1815     2.06274     1.35147   0.0182011
        1816     2.34053     1.35202   0.0181993
        1817     1.94172     1.35234   0.0181921
        1818     2.01068      1.3527   0.0181857
        1819      1.4306     1.35275   0.0181758
        1820     1.53013     1.35284   0.0181661
        1821     1.44666      1.3529   0.0181562
        1822     1.58978     1.35303   0.0181467
        1823      1.3047       1.353   0.0181367
        1824     1.88261     1.35329   0.0181291
        1825     1.96477     1.35362   0.0181223
        1826     1.98286     1.35397   0.0181156
        1827     1.52414     1.35406   0.0181059
        1828     1.26462     1.35401   0.0180961
        1829    0.901217     1.35377   0.0180879
        1830    0.467235     1.35328   0.0180845
        1831    0.617047     1.35288   0.0180791
        1832    0.888598     1.35263    0.018071
        1833    0.891538     1.35237   0.0180629
        1834     1.05189     1.35221   0.0180538
        1835     1.06368     1.35205   0.0180446
        1836    0.910481     1.35181   0.0180364
        1837    0.912897     1.35157   0.0180282
        1838    0.832765     1.35129   0.0180206
        1839     1.28935     1.35126   0.0180108
        1840     1.44841     1.35131   0.0180011
        1841     1.02175     1.35113   0.0179922
        1842     1.12897     1.35101   0.0179829
        1843     1.06954     1.35086   0.0179737
        1844     1.00499     1.35067    0.017965
        1845    0.833317     1.35039   0.0179574
        1846    0.851321     1.35012   0.0179497
        1847    0.864078     1.34986   0.0179419
        1848    0.630483     1.34947   0.0179365
        1849    0.725968     1.34913   0.0179299
        1850     1.39499     1.34916   0.0179203
        1851     1.11276     1.34903    0.017911
        1852     1.52294     1.34912   0.0179016
        1853      1.2849     1.34909    0.017892
        1854     1.17319     1.34899   0.0178826
        1855     1.31937     1.34898   0.0178729
        1856     1.19332     1.34889   0.0178635
        1857     1.71037     1.34909   0.0178549
        1858     1.86893     1.34937   0.0178475
        1859     1.50487     1.34945   0.0178381
        1860     1.17498     1.34936   0.0178288
        1861     1.18266     1.34927   0.0178194
        1862     1.40392      1.3493   0.0178099
        1863     1.92207      1.3496    0.017803
        1864     1.83706     1.34986   0.0177953
        1865     1.21993      1.3498   0.0177859
        1866     1.16487      1.3497   0.0177767
        1867    0.994619     1.34951   0.0177682
        1868    0.729805     1.34917   0.0177618
        1869    0.709738     1.34883   0.0177556
        1870     1.21285     1.34876   0.0177462
        1871     1.07102     1.34861   0.0177373
        1872     1.14842      1.3485   0.0177282
        1873     1.34844      1.3485   0.0177187
        1874     1.53832     1.34861   0.0177096
        1875     1.36433     1.34861   0.0177001
        1876     1.86796     1.34889   0.0176928
        1877     1.39758     1.34892   0.0176834
        1878     1.23945     1.34886   0.0176741
        1879     1.49284     1.34893   0.0176649
        1880     1.68018     1.34911   0.0176564
        1881     1.62188     1.34926   0.0176476
        1882     1.25716     1.34921   0.0176383
        1883     1.54922     1.34931   0.0176292
        1884     1.66874     1.34948   0.0176207
        1885     1.80935     1.34973    0.017613
        1886     1.64343     1.34988   0.0176044
        1887     0.62146      1.3495   0.0175993
        1888    0.689563     1.34915   0.0175934
        1889    0.938294     1.34893   0.0175854
        1890    0.945334     1.34872   0.0175774
        1891     1.25835     1.34867   0.0175682
        1892     1.24402     1.34861    0.017559
        1893     1.17272     1.34852     0.01755
        1894    0.891193     1.34828   0.0175424
        1895     1.18975     1.34819   0.0175333
        1896     1.41464     1.34823   0.0175241
        1897     1.27835     1.34819   0.0175149
        1898     1.56179     1.34831    0.017506
        1899    0.846311     1.34804   0.0174988
        1900    0.946568     1.34783   0.0174909
        1901     1.32697     1.34782   0.0174817
        1902     1.28365     1.34779   0.0174725
        1903      1.6479     1.34794   0.0174641
        1904      1.5773     1.34806   0.0174553
        1905     1.76791     1.34828   0.0174475
        1906     1.82401     1.34853   0.0174402
        1907     1.98638     1.34887   0.0174342
        1908     1.44839     1.34892   0.0174252
        1909     1.33501     1.34891    0.017416
        1910    0.981185     1.34872    0.017408
        1911     1.33541     1.34871   0.0173989
        1912    0.937148      1.3485   0.0173911
        1913    0.904113     1.34827   0.0173836
        1914     1.37687     1.34828   0.0173745
        1915     1.18485      1.3482   0.0173656
        1916     1.13022     1.34808   0.0173569
        1917     1.40454     1.34811   0.0173479
        1918     1.02642     1.34794   0.0173397
        1919     1.18221     1.34786   0.0173309
        1920     1.11536     1.34774   0.0173222
        1921     1.17809     1.34765   0.0173135
        1922    0.644469     1.34728   0.0173083
        1923    0.579745     1.34688   0.0173039
        1924    0.922167     1.34666   0.0172963
        1925     0.81668     1.34639   0.0172895
        1926     1.05437     1.34623   0.0172812
        1927     0.79783     1.34595   0.0172746
        1928     0.92539     1.34573    0.017267
        1929    0.969531     1.34554   0.0172592
        1930     1.35193     1.34554   0.0172502
        1931     1.22853     1.34548   0.0172414
        1932     1.45964     1.34554   0.0172326
        1933     1.41225     1.34557   0.0172237
        1934    0.776193     1.34528   0.0172173
        1935     1.20631     1.34521   0.0172086
        1936    0.969057     1.34501   0.0172008
        1937     1.09992     1.34489   0.0171923
        1938     1.20452     1.34481   0.0171836
        1939     1.27926     1.34478   0.0171748
        1940     1.02112     1.34461   0.0171668
        1941     1.00765     1.34444   0.0171588
        1942     1.41088     1.34447     0.01715
        1943     1.42472     1.34452   0.0171412
        1944     1.46999     1.34458   0.0171325
        1945     1.58369      1.3447   0.0171241
        1946     1.08012     1.34457   0.0171159
        1947     1.47624     1.34463   0.0171072
        1948      1.4816      1.3447   0.0170986
        1949     1.11306     1.34459   0.0170902
        1950     1.24024     1.34453   0.0170816
        1951     1.03114     1.34437   0.0170736
        1952     1.15364     1.34427   0.0170651
        1953     1.40981     1.34431   0.0170564
        1954     1.43857     1.34436   0.0170477
        1955     1.57196     1.34447   0.0170394
        1956     1.66739     1.34464   0.0170315
        1957     1.45547     1.34469   0.0170229
        1958     1.76306     1.34491   0.0170155
        1959     1.70577     1.34509   0.0170078
        1960     1.31051     1.34507   0.0169992
        1961     1.24517     1.34502   0.0169906
        1962    0.905846      1.3448   0.0169834
        1963     1.42888     1.34484   0.0169748
        1964     1.83222     1.34509    0.016968
        1965     1.60756     1.34522   0.0169599
        1966     1.61147     1.34536   0.0169518
        1967     1.73948     1.34556   0.0169443
        1968     1.51118     1.34564   0.0169359
        1969     1.49546     1.34572   0.0169275
        1970     1.80127     1.34595   0.0169205
        1971     1.22743     1.34589    0.016912
        1972     1.02147     1.34573   0.0169042
        1973     1.19513     1.34565   0.0168958
        1974    0.964284     1.34546   0.0168884
        1975     1.10791     1.34534   0.0168803
        1976     1.30536     1.34532   0.0168717
        1977     1.06333     1.34517   0.0168638
        1978     1.32786     1.34516   0.0168553
        1979     1.63858     1.34531   0.0168474
        1980    0.999077     1.34514   0.0168398
        1981    0.453653     1.34469   0.0168373
        1982    0.871057     1.34445   0.0168305
        1983     1.07637     1.34431   0.0168226
        1984     1.12252      1.3442   0.0168145
        1985     1.24855     1.34415   0.0168061
        1986     1.00378     1.34398   0.0167985
        1987      1.0004     1.34381   0.0167909
        1988     1.26272     1.34377   0.0167825
        1989     1.27618     1.34374   0.0167741
        1990     1.54679     1.34384    0.016766
        1991      1.1234     1.34373   0.0167579
        1992     1.35204     1.34373   0.0167495
        1993     1.04106     1.34358   0.0167418
        1994     1.16191     1.34349   0.0167337
        1995     1.18995     1.34341   0.0167255
        1996    0.882545     1.34318   0.0167187
        1997     1.05957     1.34304   0.0167109
        1998      1.1164     1.34292   0.0167029
        1999      1.4955       1.343   0.0166947
        2000     1.62109     1.34314    0.016687
