1.0000000000
1.4149053632
1.7317740808
1.9987418395
2.2438276534
2.4584011870
2.6541778468
2.8424954904
3.0141859486
3.1793026931
3.3205555972
3.4768752685
3.6198383927
3.7610450296
3.8913600619
4.0171388567
4.1447853925
4.2742636879
4.3884244022
4.4964943193
4.6035110715
4.7111297243
4.8082207460
4.9089833230
5.0109133661
5.1068079264
5.1983417275
5.2803070050
5.3637801829
5.4582244376
5.5431317803
5.6283609683
5.7110394904
5.8028464878
5.8928986570
5.9728285839
6.0528469023
6.1464979439
6.2306004741
6.3240077409
6.3944477349
6.4624224375
6.5507639670
6.6261133938
6.7116711279
6.7796304186
6.8560029331
6.9280214952
7.0051671904
7.0708458662
7.1438184686
7.2143096633
7.2865367050
7.3512763149
7.4069575768
7.4643913901
7.5295659345
7.5955995639
7.6568828915
7.7228955719
7.7938324683
7.8566984924
7.9246658822
7.9964158841
8.0556989303
8.1198224903
8.1880634085
8.2498154705
8.3130563182
8.3776427424
8.4380179547
8.5037246061
8.5544871909
8.6133853496
8.6700112421
8.7299277611
8.7885329193
8.8473863223
8.9049189075
8.9627685383
9.0177025474
9.0774067385
9.1332724865
9.1939946216
9.2489391531
9.2921262327
9.3420513984
9.3860253566
9.4443823146
9.4842505268
9.5342165173
9.5896647587
9.6356250674
9.6834346605
9.7522550938
9.7996100919
9.8522254612
9.9076592568
9.9581040833
9.9988344153
