1.0000000000
1.4106735980
1.7280624989
1.9902763627
2.2288113424
2.4442176662
2.6468094000
2.8303710004
2.9953964679
3.1542986542
3.3088668755
3.4608669434
3.6039422859
3.7289140510
3.8608548276
3.9842941658
4.1080165530
4.2266771819
4.3397004505
4.4375443660
4.5509998901
4.6688114119
4.7656059426
4.8713242553
4.9679170686
5.0634573169
5.1613176612
5.2557587464
5.3542506478
5.4411947217
5.5300452078
5.6202135191
5.6998245587
5.7837012371
5.8713541879
5.9510503275
6.0420360807
6.1266630395
6.2230699819
6.3062508672
6.3851233348
6.4702395628
6.5555320150
6.6408132032
6.7092324449
6.7732119412
6.8492627340
6.9343925473
7.0009427937
7.0729484658
7.1388794639
7.2075099722
7.2753968964
7.3402997214
7.4047147143
7.4800668446
7.5429834946
7.6141184651
7.6763402739
7.7465863450
7.8132323657
7.8824488581
7.9460807950
8.0193765344
8.0866433086
8.1544834294
8.2208028805
8.2833085177
8.3329706588
8.3907329835
8.4576001324
8.5065504172
8.5604088687
8.6149289028
8.6738226867
8.7261675437
8.7753062625
8.8306398409
8.8835916160
8.9321553950
9.0000666664
9.0621189575
9.1253273914
9.1810456921
9.2286402032
9.2796012845
9.3427512008
9.3860215214
9.4410910386
9.4879080940
9.5363934483
9.5874605605
9.6409543096
9.6824583655
9.7341871772
9.7935897402
9.8405792512
9.8882556601
9.9355925842
9.9908658283
