           1      18.096      18.096           0
           2     32.6336     25.3648      7.2688
           3         100     50.2432     25.2299
           4      46.512     49.3104     17.8646
           5      12.896     42.0275     15.6373
           6     13.6576     37.2992     13.6152
           7      3.2544     32.4357     12.4926
           8      4.2016     28.9064       11.38
           9      5.8528     26.3449     10.3579
          10     23.7248     26.0829     9.26812
          11     19.3472     25.4705     8.40566
          12     30.1088     25.8571     7.68301
          13     24.0576     25.7186      7.0687
          14      28.416     25.9113     6.54718
          15     37.1808     26.6626     6.14122
          16     16.1216     26.0038     5.78224
          17      9.1904     25.0148     5.52078
          18      6.9856     24.0132     5.30054
          19     28.9952     24.2754     5.02066
          20     26.5088      24.387     4.76432
          21     36.0704     24.9434      4.5658
          22     36.8192     25.4832     4.38666
          23      93.728     28.4504     5.13552
          24         100     31.4316     5.75009
          25         100     34.1743     6.15963
          26         100     36.7061     6.43679
          27     97.5328     38.9589     6.59079
          28     93.6448      40.912     6.64457
          29     99.6864     42.9387     6.72406
          30     99.3792     44.8201       6.763
          31     89.0112     46.2456     6.69473
          32     38.8192     46.0135      6.4863
          33     29.6992     45.5191     6.30608
          34     17.4016     44.6921     6.17344
          35     28.4032     44.2267      6.0125
          36     11.4144     43.3153     5.91376
          37      18.912     42.6557      5.7894
          38     28.2144     42.2757     5.64779
          39      5.7664     41.3396     5.58015
          40      20.496     40.8185     5.46377
          41     30.9728     40.5783     5.33425
          42     19.0752     40.0664     5.23081
          43     19.1936     39.5809     5.13073
          44     84.1632     40.5942     5.11414
          45         100     41.9143     5.17057
          46         100      43.177     5.21218
          47     99.8432     44.3827     5.24065
          48         100     45.5414     5.25953
          49         100     46.6528     5.26961
          50         100     47.7197     5.27223
          51         100     48.7448     5.26851
          52     98.5088     49.7018     5.25409
          53     98.0256     50.6136     5.23403
          54         100     51.5282     5.21698
          55         100     52.4095     5.19652
          56         100     53.2593     5.17317
          57     76.5344     53.6676     5.09798
          58     61.3824     53.8007     5.01108
          59         100     54.5837     4.98727
          60         100     55.3406     4.96152
          61         100     56.0728     4.93412
          62     99.8432     56.7787     4.90496
          63         100     57.4648     4.87499
          64         100     58.1294     4.84402
          65     99.8432     58.7712      4.8119
          66         100     59.3958     4.77944
          67     99.2352     59.9904     4.74496
          68     89.0656      60.418     4.69418
          69     27.9232     59.9471     4.64956
          70     92.1184     60.4067     4.60564
          71     41.9168     60.1463     4.54777
          72      55.584     60.0829     4.48461
          73     99.8432     60.6276     4.45617
          74     99.0784     61.1472     4.42614
          75     98.6336      61.647     4.39524
          76     98.3584       62.13     4.36384
          77     99.3792     62.6138     4.33387
          78         100     63.0931     4.30472
          79     99.2416     63.5507     4.27444
          80     99.3856     63.9986     4.24438
          81         100     64.4431     4.21515
          82         100     64.8767     4.18595
          83     97.7056     65.2722     4.15408
          84         100     65.6856      4.1251
          85     96.1536     66.0441     4.09201
          86         100     66.4389     4.06337
          87         100     66.8247     4.03488
          88         100     67.2017     4.00654
          89         100     67.5702     3.97837
          90     99.3792     67.9236     3.94976
          91     99.8432     68.2744     3.92184
          92     96.9984     68.5866     3.89152
          93         100     68.9244     3.86424
          94     99.2224     69.2467     3.83647
          95     99.2288     69.5623     3.80897
          96         100     69.8794      3.7824
          97     99.2288     70.1819     3.75541
          98     99.6928     70.4831     3.72907
          99     98.7776     70.7689     3.70226
         100     99.5488     71.0567     3.67633
         101      52.688     70.8748     3.64429
         102     29.2064     70.4663     3.63144
         103      99.104     70.7443     3.60674
         104         100     71.0256     3.58295
         105     93.7408      71.242     3.55525
         106         100     71.5133     3.53199
         107     99.6864     71.7766     3.50872
         108         100     72.0379     3.48588
         109         100     72.2944     3.46327
         110         100     72.5463     3.44087
         111     99.6864     72.7908     3.41849
         112         100     73.0337     3.39653
         113         100     73.2724     3.37478
         114         100     73.5068     3.35326
         115     99.8432     73.7358     3.33185
         116         100     73.9623     3.31075
         117         100     74.1848     3.28987
         118     72.6112     74.1715      3.2619
         119     15.3344      73.677     3.27194
         120      5.6544     73.1102     3.29371
         121      9.3984     72.5836     3.30854
         122     12.4832      72.091     3.31808
         123      8.8448     71.5768     3.33092
         124     13.3024     71.1069     3.33721
         125      6.7072     70.5917     3.35025
         126     13.9456     70.1421     3.35383
         127      9.2384     69.6625     3.36169
         128     21.2672     69.2845     3.35669
         129     30.2784     68.9821     3.34426
         130       7.296     68.5076     3.35219
         131     26.3392     68.1857     3.34204
         132         5.6     67.7115     3.35035
         133      4.8032     67.2385     3.35853
         134     18.3328     66.8736      3.3533
         135      4.2112     66.4094     3.36057
         136      2.7424     65.9413     3.36846
         137      4.9888     65.4964     3.37325
         138       4.112     65.0515     3.37813
         139      5.1328     64.6205     3.38133
         140      2.3616     64.1758     3.38642
         141     13.2704     63.8147     3.38164
         142      11.248     63.4446     3.37809
         143       3.808     63.0275     3.38021
         144     22.3424      62.745     3.36852
         145     12.2432     62.3967     3.36329
         146      40.928     62.2496     3.34341
         147     99.6864     62.5043     3.33034
         148         100     62.7577     3.31745
         149     99.6928     63.0056     3.30442
         150         100     63.2522     3.29157
         151         100     63.4955     3.27874
         152         100     63.7357     3.26594
         153         100     63.9727     3.25317
         154         100     64.2067     3.24044
         155      99.072     64.4316     3.22731
         156     99.6864     64.6576     3.21451
         157         100     64.8827     3.20189
         158     99.8432      65.104     3.18925
         159         100     65.3235     3.17672
         160     96.2016     65.5164     3.16269
         161         100     65.7306     3.15028
         162     99.8432     65.9412     3.13785
         163     99.6864     66.1482      3.1254
         164         100     66.3546     3.11313
         165     93.1712     66.5172     3.09847
         166         100     66.7189     3.08635
         167     71.9904     66.7504     3.06798
         168      31.984     66.5435     3.05667
         169     38.5888     66.3781     3.04303
         170     55.0752     66.3116     3.02581
         171      6.9312     65.9643     3.02804
         172     22.8448     65.7136      3.0208
         173     35.7312     65.5403     3.00829
         174     68.2656      65.556     2.99099
         175     83.2672     65.6572     2.97557
         176     23.3664     65.4169     2.96836
         177     25.9616      65.194     2.95995
         178      8.8768     64.8776     2.96023
         179      2.4192     64.5287     2.96425
         180      1.6416     64.1793     2.96837
         181     24.2368     63.9586     2.96016
         182     20.9824     63.7225     2.95331
         183     22.2848     63.4961     2.94584
         184      26.656     63.2958     2.93662
         185     12.1184     63.0192     2.93377
         186       3.728     62.7004     2.93532
         187      1.8912     62.3753     2.93763
         188      1.2256       62.05     2.94001
         189      9.2576     61.7707     2.93772
         190      2.4416     61.4584     2.93886
         191      4.8096     61.1618     2.93844
         192      30.032     60.9997     2.92759
         193     83.8688     61.1182     2.91479
         194      98.928     61.3131     2.90627
         195       89.84     61.4594     2.89502
         196         100      61.656     2.88692
         197         100     61.8506     2.87881
         198         100     62.0433     2.87071
         199     99.8432     62.2333     2.86256
         200         100     62.4221     2.85446
         201         100     62.6091     2.84637
         202         100     62.7942     2.83829
         203     65.0112     62.8051     2.82429
         204      69.104      62.836     2.81058
         205         100     63.0172     2.80271
         206     96.7168     63.1808     2.79386
         207     96.2624     63.3406     2.78492
         208     71.0144     63.3775     2.77175
         209         100     63.5528     2.76401
         210     92.9536     63.6928     2.75438
         211     99.8432     63.8641     2.74664
         212         100     64.0346     2.73897
         213         100     64.2034      2.7313
         214         100     64.3707     2.72365
         215         100     64.5364     2.71601
         216         100     64.7006     2.70839
         217     99.5296     64.8611     2.70065
         218         100     65.0223     2.69307
         219         100      65.182     2.68549
         220         100     65.3402     2.67794
         221         100     65.4971      2.6704
         222         100     65.6525     2.66289
         223         100     65.8065     2.65539
         224     66.4736     65.8095     2.64351
         225     22.5056      65.617     2.63876
         226       7.712     65.3608     2.63953
         227      5.3792     65.0966     2.64112
         228     24.1888     64.9172     2.63563
         229     77.1424     64.9706     2.62464
         230     98.6272     65.1169      2.6173
         231     99.6928     65.2666     2.61024
         232         100     65.4163     2.60327
         233     78.4576     65.4722     2.59268
         234     98.9216     65.6152     2.58553
         235         100     65.7615     2.57866
         236         100     65.9066      2.5718
         237         100     66.0504     2.56496
         238         100     66.1931     2.55814
         239         100     66.3345     2.55134
         240         100     66.4748     2.54456
         241     54.3296     66.4244     2.53448
         242      10.944     66.1952     2.53438
         243      6.9248     65.9512     2.53568
         244        3.52     65.6954      2.5382
         245     18.1664     65.5014     2.53525
         246     82.0736     65.5688     2.52582
         247         100     65.7082     2.51943
         248         100     65.8464     2.51306
         249         100     65.9836      2.5067
         250         100     66.1197     2.50036
         251         100     66.2546     2.49404
         252     99.8432     66.3879     2.48769
         253     37.5648      66.274     2.48046
         254      26.896      66.119     2.47553
         255      3.7824     65.8745     2.47789
         256      5.1424     65.6373     2.47957
         257     60.8736     65.6187     2.46997
         258     98.2944     65.7454     2.46364
         259     99.6864     65.8764      2.4576
         260         100     66.0077     2.45165
         261     52.5024     65.9559     2.44279
         262     14.9824     65.7614     2.44121
         263     12.2304     65.5578     2.44041
         264     22.9728     65.3965      2.4365
         265     12.0608     65.1953     2.43561
         266     54.1888     65.1539     2.42679
         267     79.6896     65.2083      2.4183
         268     17.4944     65.0303     2.41583
         269     13.1776     64.8375     2.41454
         270     44.8896     64.7637     2.40671
         271     83.4112     64.8325      2.3988
         272     99.6928     64.9606      2.3934
         273         100      65.089     2.38807
         274         100     65.2164     2.38275
         275     99.3792     65.3406     2.37731
         276     24.6816     65.1933     2.37326
         277     70.9696     65.2142     2.36477
         278         100     65.3393     2.35957
         279         100     65.4635     2.35438
         280         100     65.5869     2.34919
         281         100     65.7093     2.34402
         282         100     65.8309     2.33886
         283         100     65.9517      2.3337
         284     99.8432      66.071     2.32853
         285     99.3792     66.1879     2.32329
         286         100     66.3061     2.31817
         287         100     66.4235     2.31306
         288         100     66.5401     2.30796
         289     66.8384     66.5411     2.29996
         290     18.3744      66.375     2.29802
         291     11.3408     66.1859     2.29791
         292     22.0896     66.0349       2.295
         293        2.16     65.8169     2.29752
         294     15.6832     65.6464     2.29603
         295      56.672     65.6159     2.28844
         296     22.4256       65.47     2.28536
         297     52.3616     65.4259     2.27808
         298         100     65.5419     2.27338
         299         100     65.6572     2.26869
         300         100     65.7716     2.26402
         301      95.104     65.8691     2.25858
         302         100     65.9821     2.25393
         303     98.3136     66.0888     2.24901
         304     81.6896     66.1401     2.24219
         305     44.9568     66.0707      2.2359
         306     53.0176      66.028     2.22899
         307     49.1968     65.9732      2.2224
         308     86.8672      66.041     2.21621
         309     98.4768      66.146     2.21152
         310     79.5424     66.1892     2.20479
         311     24.0128     66.0536     2.20187
         312      1.7408     65.8475     2.20446
         313      1.7856     65.6428     2.20692
         314     10.9152     65.4685     2.20677
         315     15.4752     65.3098     2.20547
         316      1.4528     65.1077     2.20775
         317     11.9104     64.9399     2.20717
         318     33.7216     64.8417      2.2024
         319     10.0384     64.6699      2.2022
         320       30.72     64.5638     2.19787
         321         100     64.6742     2.19379
         322         100     64.7839     2.18972
         323      99.072     64.8901     2.18551
         324         100     64.9984     2.18144
         325         100     65.1061     2.17739
         326         100     65.2132     2.17333
         327     95.6448     65.3062     2.16868
         328         100      65.412     2.16464
         329     97.8496     65.5106      2.1603
         330      97.808     65.6085     2.15597
         331      92.928      65.691     2.15103
         332         100     65.7944     2.14703
         333         100     65.8971     2.14303
         334         100     65.9992     2.13905
         335     96.9984     66.0917     2.13466
         336         100     66.1926     2.13069
         337         100      66.293     2.12672
         338         100     66.3927     2.12276
         339         100     66.4918     2.11881
         340         100     66.5904     2.11487
         341      97.712     66.6816     2.11063
         342         100     66.7791     2.10671
         343     99.5488     66.8746     2.10273
         344     24.6496     66.7519      2.1002
         345     12.3104      66.594     2.10004
         346      4.9632     66.4159     2.10152
         347      41.312     66.3436      2.0967
         348     27.7792     66.2328     2.09361
         349      2.6016     66.0504     2.09554
         350      1.5968     65.8663     2.09765
         351     13.6064     65.7174     2.09696
         352      9.7824     65.5585     2.09702
         353      2.0256     65.3785      2.0988
         354      4.1536     65.2056         2.1
         355       1.728     65.0267     2.10169
         356     13.9936     64.8834     2.10068
         357      11.344     64.7334     2.10015
         358     36.2112     64.6538     2.09579
         359     33.3888     64.5667     2.09176
         360     17.1136     64.4349      2.0901
         361       4.656     64.2693     2.09087
         362      15.008     64.1332     2.08952
         363      64.304     64.1337     2.08376
         364     99.8432     64.2318     2.08034
         365     98.1824     64.3248     2.07672
         366     87.5072     64.3881       2.072
         367         100     64.4851     2.06863
         368     99.3792       64.58     2.06517
         369         100      64.676     2.06181
         370     91.3632     64.7481     2.05749
         371     21.1392     64.6305      2.0553
         372      9.8176     64.4832     2.05506
         373      17.312     64.3567     2.05344
         374      1.3152     64.1882     2.05487
         375     39.2288     64.1216     2.05046
         376     91.1232     64.1934     2.04626
         377     99.8432      64.288     2.04301
         378         100     64.3825     2.03979
         379     99.3856     64.4748      2.0365
         380         100     64.5683     2.03328
         381     99.2224     64.6593     2.02998
         382         100     64.7518     2.02677
         383     99.6864      64.843     2.02353
         384     73.1296     64.8646     2.01836
         385         100     64.9558     2.01518
         386         100     65.0466       2.012
         387     99.8432     65.1365     2.00881
         388     95.8368     65.2157     2.00519
         389     89.8432      65.279     2.00103
         390     94.3488     65.3535     1.99728
         391         100     65.4421     1.99414
         392         100     65.5303       1.991
         393     96.7424     65.6097     1.98751
         394     98.7776     65.6939     1.98425
         395         100     65.7807     1.98112
         396         100     65.8671       1.978
         397         100     65.9531     1.97489
         398         100     66.0387     1.97178
         399         100     66.1238     1.96867
         400     69.4176      66.132     1.96376
         401     41.9328     66.0717     1.95978
         402      1.4144     65.9108     1.96151
         403     18.1888     65.7924     1.96021
         404      4.8832     65.6416     1.96116
         405     24.8992      65.541      1.9589
         406     94.6816     65.6128     1.95538
         407         100     65.6973      1.9524
         408     99.8432      65.781     1.94941
         409         100     65.8647     1.94644
         410         100     65.9479     1.94347
         411         100     66.0308      1.9405
         412     97.1616     66.1063     1.93726
         413         100     66.1884      1.9343
         414         100     66.2701     1.93135
         415         100     66.3513     1.92841
         416     93.3056     66.4161     1.92486
         417     97.0048     66.4895     1.92164
         418         100     66.5697     1.91871
         419     99.5296     66.6483     1.91574
         420         100     66.7277     1.91282
         421     59.9424     66.7116     1.90834
         422     11.3696     66.5805     1.90833
         423      3.9968     66.4325     1.90955
         424     38.2272      66.366      1.9062
         425         100     66.4451     1.90336
         426         100     66.5239     1.90052
         427     99.6928     66.6016     1.89765
         428         100     66.6796     1.89482
         429     99.2224     66.7555     1.89192
         430     95.8688     66.8232     1.88873
         431         100     66.9002     1.88591
         432      93.792     66.9624     1.88257
         433         100     67.0387     1.87977
         434         100     67.1147     1.87697
         435         100     67.1903     1.87417
         436     73.9584     67.2058     1.86994
         437     12.9856     67.0817     1.86977
         438      3.6512     66.9369     1.87111
         439      2.7616     66.7907     1.87256
         440       4.176     66.6484     1.87371
         441     10.2592     66.5205     1.87382
         442       9.024     66.3904      1.8741
         443      1.9872     66.2451     1.87551
         444      5.5808     66.1084     1.87626
         445     17.4432     65.9991     1.87523
         446      12.816     65.8798     1.87482
         447     32.3968     65.8049     1.87212
         448     98.6144     65.8782     1.86937
         449     64.5888     65.8753      1.8652
         450     14.7296     65.7616     1.86452
         451      2.1024     65.6205     1.86573
         452      9.2512     65.4958     1.86577
         453     26.0192     65.4086     1.86369
         454      5.0176     65.2756     1.86433
         455      4.9696     65.1431     1.86494
         456      1.8528     65.0043     1.86602
         457     12.0576     64.8884     1.86553
         458       14.72     64.7789     1.86467
         459      4.9152     64.6484     1.86517
         460       63.76     64.6465     1.86111
         461     99.6864     64.7225     1.85863
         462         100     64.7989     1.85617
         463     99.8432     64.8746      1.8537
         464         100     64.9503     1.85125
         465     96.0288     65.0171     1.84847
         466     93.6128     65.0785     1.84552
         467     95.7088     65.1441     1.84274
         468         100     65.2185      1.8403
         469     96.6464     65.2856      1.8376
         470         100     65.3594     1.83517
         471     90.9664     65.4138     1.83208
         472      99.536     65.4861     1.82962
         473         100      65.559      1.8272
         474         100     65.6317     1.82479
         475     99.8432     65.7037     1.82237
         476         100     65.7758     1.81996
         477     96.5856     65.8404     1.81729
         478         100     65.9118     1.81489
         479         100      65.983      1.8125
         480     78.9376       66.01     1.80892
         481     85.4816     66.0505     1.80561
         482     98.4448     66.1177     1.80311
         483         100     66.1878     1.80074
         484     99.8432     66.2574     1.79836
         485     96.2784     66.3193     1.79572
         486         100     66.3886     1.79336
         487     97.1232     66.4517     1.79079
         488     26.1696     66.3691     1.78902
         489     45.9616     66.3274     1.78584
         490     99.6928     66.3955      1.7835
         491     71.2896     66.4055     1.77989
         492     26.2816     66.3239     1.77814
         493     37.2512     66.2649     1.77551
         494     59.3664      66.251     1.77196
         495         100     66.3191     1.76969
         496         100     66.3871     1.76743
         497         100     66.4547     1.76516
         498         100      66.522      1.7629
         499         100     66.5891     1.76064
         500     94.4832     66.6449     1.75801
         501         100     66.7115     1.75576
         502         100     66.7778     1.75351
         503         100     66.8439     1.75127
         504         100     66.9096     1.74902
         505      98.144     66.9715     1.74665
         506         100     67.0368     1.74442
         507         100     67.1018     1.74219
         508         100     67.1665     1.73996
         509         100     67.2311     1.73774
         510         100     67.2953     1.73552
         511     99.6864     67.3587     1.73328
         512         100     67.4224     1.73106
         513     99.6864     67.4853     1.72883
         514     59.0688      67.469     1.72554
         515         100     67.5321     1.72334
         516     99.6864     67.5944     1.72113
         517     70.0032     67.5991      1.7178
         518     44.4544     67.5544     1.71507
         519         100     67.6169      1.7129
         520         100     67.6792     1.71074
         521     99.8432     67.7409     1.70857
         522     99.0848      67.801     1.70635
         523     99.8432     67.8623     1.70418
         524         100     67.9236     1.70203
         525         100     67.9847     1.69989
         526      93.856     68.0339     1.69736
         527     52.5024     68.0044      1.6944
         528     49.3856     67.9691     1.69155
         529     96.1728     68.0225     1.68919
         530         100     68.0828     1.68708
         531         100     68.1429     1.68497
         532         100     68.2028     1.68287
         533      98.608     68.2598     1.68068
         534         100     68.3193     1.67858
         535        80.4     68.3418     1.67559
         536     99.8432     68.4006     1.67349
         537         100     68.4595     1.67141
         538      89.648     68.4988     1.66877
         539     37.2064     68.4408     1.66668
         540     19.5552     68.3503     1.66605
         541     13.6384     68.2491     1.66604
         542     13.4528      68.148     1.66603
         543     23.4336     68.0657       1.665
         544      4.7264     67.9492     1.66601
         545      9.4016     67.8418     1.66642
         546     20.5696     67.7552     1.66561
         547     18.0672     67.6644     1.66505
         548      9.2736     67.5579     1.66542
         549     30.0576     67.4895     1.66378
         550       4.752     67.3755     1.66467
         551      1.2384     67.2554     1.66597
         552      9.6512     67.1511     1.66622
         553     36.4064     67.0955     1.66414
         554      8.1888     66.9892     1.66453
         555     15.9872     66.8973     1.66407
         556     13.1072     66.8005     1.66389
         557      5.2704     66.6901     1.66457
         558     69.5584     66.6952     1.66159
         559         100     66.7548     1.65968
         560         100     66.8141     1.65778
         561         100     66.8733     1.65588
         562         100     66.9322     1.65398
         563         100      66.991     1.65209
         564     87.7184     67.0277     1.64956
         565     95.0272     67.0773     1.64739
         566         100     67.1355      1.6455
         567         100     67.1934     1.64362
         568         100     67.2512     1.64174
         569     38.7904     67.2012     1.63962
         570     22.6784      67.123      1.6386
         571     69.5392     67.1273     1.63573
         572     94.6432     67.1754     1.63358
         573     97.9808     67.2291     1.63161
         574     38.6368     67.1793     1.62953
         575     38.3104     67.1291     1.62747
         576     26.6912     67.0589     1.62615
         577      5.2928     66.9519     1.62686
         578      8.1024     66.8501     1.62723
         579      43.376     66.8095     1.62492
         580      98.928     66.8649     1.62306
         581         100     66.9219     1.62127
         582         100     66.9788     1.61948
         583         100     67.0354     1.61769
         584     99.8432     67.0916      1.6159
         585     31.1648     67.0302      1.6143
         586     56.6208     67.0124     1.61164
         587      98.032     67.0652     1.60976
         588       58.32     67.0504     1.60709
         589         100     67.1063     1.60533
         590         100     67.1621     1.60358
         591         100     67.2176     1.60183
         592      96.128     67.2665     1.59987
         593         100     67.3217     1.59812
         594         100     67.3767     1.59638
         595         100     67.4315     1.59463
         596     99.6864     67.4856     1.59288
         597         100     67.5401     1.59114
         598         100     67.5944      1.5894
         599         100     67.6485     1.58767
         600     99.8432     67.7021     1.58593
         601         100     67.7559      1.5842
         602     96.5536     67.8037     1.58229
         603     99.8432     67.8568     1.58055
         604     83.7824     67.8832     1.57816
         605      91.376      67.922     1.57602
         606         100      67.975     1.57431
         607     99.8432     68.0275     1.57259
         608     99.5296     68.0793     1.57086
         609         100     68.1317     1.56915
         610     96.2912     68.1779     1.56726
         611         100     68.2299     1.56556
         612     98.1568     68.2788     1.56376
         613         100     68.3306     1.56207
         614     97.8016     68.3786     1.56026
         615     28.6144     68.3139     1.55906
         616     43.6032     68.2738     1.55704
         617     37.9808     68.2247     1.55529
         618     68.7808     68.2256     1.55278
         619         100     68.2769     1.55111
         620     99.8432     68.3279     1.54945
         621      90.624     68.3638     1.54737
         622      99.536     68.4139     1.54569
         623         100     68.4646     1.54404
         624     30.4576     68.4037     1.54277
         625     35.8368     68.3516     1.54118
         626     53.3728     68.3276      1.5389
         627     99.3792     68.3772     1.53724
         628     98.9152     68.4258     1.53556
         629     95.5328     68.4689     1.53372
         630         100     68.5189      1.5321
         631         100     68.5688     1.53049
         632         100     68.6186     1.52887
         633         100     68.6681     1.52726
         634         100     68.7176     1.52565
         635     98.9216     68.7651     1.52399
         636     98.6336     68.8121     1.52232
         637         100      68.861     1.52071
         638     99.3792     68.9089     1.51908
         639     99.8432     68.9573     1.51747
         640         100     69.0058     1.51588
         641     88.3264     69.0359     1.51381
         642     85.5872     69.0617     1.51167
         643         100     69.1098     1.51008
         644     99.8432     69.1576     1.50849
         645     99.8432     69.2051      1.5069
         646     98.9408     69.2512     1.50527
         647     98.7776     69.2968     1.50364
         648     99.8432     69.3439     1.50205
         649     92.5632     69.3797     1.50016
         650     95.5552       69.42      1.4984
         651     98.2144     69.4642     1.49675
         652     99.8432     69.5108     1.49518
         653       25.68     69.4437     1.49439
         654      2.2144     69.3409     1.49564
         655      5.5136     69.2434     1.49653
         656      2.1152     69.1411     1.49775
         657       1.072     69.0375     1.49905
         658     15.7536     68.9565     1.49896
         659     81.0912     68.9749      1.4968
         660     99.3856      69.021     1.49524
         661      84.352     69.0442     1.49316
         662          10      68.955     1.49356
         663     22.3136     68.8847     1.49297
         664     24.9888     68.8186     1.49218
         665     63.6928     68.8109     1.48996
         666     37.3376     68.7636     1.48847
         667     27.2672     68.7014     1.48754
         668      13.472     68.6187     1.48761
         669       58.96     68.6043     1.48545
         670     99.3792     68.6502     1.48394
         671     96.9856     68.6924     1.48233
         672     99.8432     68.7388     1.48085
         673     99.8432      68.785     1.47937
         674     81.1808     68.8034     1.47729
         675     11.8016     68.7189     1.47751
         676     22.8896     68.6511     1.47688
         677     57.2064     68.6342      1.4748
         678     82.9248     68.6553     1.47277
         679         100     68.7015     1.47133
         680     90.1216      68.733      1.4695
         681     68.7936     68.7331     1.46734
         682      9.4144     68.6461     1.46776
         683      2.2112     68.5488     1.46884
         684      3.5584     68.4538     1.46976
         685     10.0896     68.3686     1.47009
         686       9.888     68.2834     1.47042
         687     13.5296     68.2037     1.47044
         688      11.664     68.1215      1.4706
         689      3.1648     68.0272     1.47148
         690      6.1248     67.9375     1.47208
         691      2.0288     67.8421     1.47304
         692      4.2432     67.7502     1.47378
         693          22     67.6842     1.47313
         694     99.1232     67.7295     1.47171
         695         100     67.7759     1.47032
         696     75.7056     67.7873     1.46825
         697     96.5856     67.8286     1.46673
         698     98.6272     67.8728     1.46529
         699         100     67.9187     1.46391
         700         100     67.9645     1.46254
         701         100     68.0102     1.46116
         702     99.8432     68.0556     1.45979
         703         100      68.101     1.45842
         704         100     68.1463     1.45705
         705     99.6864     68.1911     1.45567
         706     99.8432     68.2359     1.45429
         707     93.3824     68.2715     1.45267
         708         100     68.3163     1.45131
         709         100      68.361     1.44995
         710         100     68.4055     1.44859
         711     93.2032     68.4404     1.44697
         712         100     68.4847     1.44562
         713     99.8432     68.5287     1.44426
         714         100     68.5728     1.44291
         715         100     68.6168     1.44156
         716         100     68.6606     1.44021
         717         100     68.7043     1.43887
         718     99.8432     68.7477     1.43752
         719         100     68.7911     1.43617
         720     99.6928     68.8341     1.43482
         721         100     68.8773     1.43348
         722     73.0176      68.883      1.4315
         723     70.3968     68.8851     1.42952
         724     99.8432     68.9279     1.42819
         725      99.536     68.9701     1.42684
         726         100     69.0128     1.42552
         727     98.3072     69.0531     1.42412
         728     96.4416     69.0907     1.42266
         729         100     69.1331     1.42134
         730     89.9296     69.1616     1.41968
         731     45.2576     69.1289     1.41812
         732     36.6176     69.0845     1.41687
         733      7.3664     69.0003     1.41744
         734     20.6752     68.9345     1.41704
         735     99.5488     68.9761     1.41572
         736     94.0928     69.0103     1.41421
         737         100     69.0523     1.41292
         738         100     69.0942     1.41162
         739         100     69.1361     1.41033
         740         100     69.1778     1.40904
         741         100     69.2194     1.40775
         742         100     69.2608     1.40647
         743         100     69.3022     1.40518
         744         100     69.3435      1.4039
         745     98.0704      69.382     1.40254
         746      98.928     69.4216     1.40122
         747     99.8432     69.4624     1.39994
         748         100     69.5032     1.39866
         749     99.5296     69.5433     1.39737
         750         100     69.5839     1.39609
         751         100     69.6244     1.39482
         752     99.8432     69.6646     1.39354
         753     61.7472     69.6541     1.39173
         754     29.9808     69.6014     1.39088
         755     18.0064     69.5331     1.39072
         756     42.4416     69.4973     1.38934
         757     12.4544     69.4219     1.38955
         758     43.1296     69.3872     1.38815
         759     70.7808     69.3891     1.38632
         760         100     69.4293     1.38508
         761         100     69.4695     1.38384
         762     59.5392     69.4565     1.38208
         763     33.2192      69.409     1.38109
         764     99.5488     69.4484     1.37984
         765         100     69.4884     1.37862
         766         100     69.5282     1.37739
         767     99.8432     69.5677     1.37616
         768         100     69.6074     1.37494
         769     98.3136     69.6447     1.37366
         770     99.2352     69.6831     1.37241
         771         100     69.7224     1.37119
         772     89.7632     69.7484     1.36966
         773      99.072     69.7863     1.36842
         774     97.1296     69.8217      1.3671
         775     99.8432     69.8604     1.36589
         776         100     69.8992     1.36468
         777         100      69.938     1.36347
         778     84.2816     69.9564     1.36184
         779     49.8848     69.9307     1.36034
         780     32.9152     69.8832     1.35942
         781      9.8816     69.8064     1.35985
         782      5.1008     69.7236     1.36063
         783     16.5248     69.6557     1.36059
         784     10.3104       69.58     1.36096
         785      1.1488     69.4928     1.36202
         786        2.16     69.4071     1.36298
         787      7.0112     69.3279     1.36355
         788       5.824     69.2473      1.3642
         789       6.768     69.1681     1.36477
         790      10.112     69.0933     1.36509
         791     18.4896     69.0294     1.36486
         792     39.0752     68.9915     1.36366
         793     51.1456      68.969     1.36213
         794     46.2752     68.9405     1.36071
         795     18.4384     68.8769     1.36048
         796      2.3264     68.7933     1.36134
         797      6.9696     68.7158     1.36185
         798      2.8352     68.6332     1.36264
         799      5.2896     68.5539     1.36324
         800      11.296     68.4823     1.36342
