       0
0.000538018
0.000434297
0.00030825
0.000238881
0.000334725
0.000283108
0.000254628
0.00023557
0.000225906
0.00022366
0.000205454
0.000196727
0.000210783
0.000247244
0.000231563
0.0002205
0.000208542
0.000199662
0.000203151
0.00019535
0.000186904
0.000182561
0.00017619
0.000169332
0.000166846
0.000160563
0.000154957
0.000150164
0.000158411
0.000158419
0.000158689
0.000154048
0.000149451
0.000145275
0.000143014
0.000146582
0.000144255
0.000141874
0.000138767
0.000136821
0.000133788
0.000130706
0.000127767
0.000125506
0.000123459
0.000123253
0.000120795
0.000118337
0.000116381
0.000114493
0.000112353
0.000111103
0.00011033
0.000110864
0.000109481
0.000108773
0.00010834
0.000106575
0.000104932
0.000103654
0.000102267
0.000100892
0.000100788
9.97896e-05
9.93531e-05
9.78973e-05
9.6447e-05
9.50401e-05
9.37191e-05
9.29246e-05
9.17114e-05
9.17439e-05
9.04964e-05
8.97315e-05
9.00714e-05
8.8979e-05
8.85544e-05
8.74909e-05
8.63919e-05
8.6507e-05
8.56188e-05
8.46317e-05
8.3822e-05
8.2984e-05
8.28836e-05
8.22961e-05
8.30835e-05
8.33877e-05
8.25456e-05
8.18483e-05
8.2041e-05
8.2837e-05
8.19608e-05
8.12942e-05
8.04643e-05
8.03272e-05
7.96483e-05
7.88798e-05
7.8165e-05
