0.0832638
0.0838018
0.0834983
0.0834716
0.083479
0.083751
0.083762
0.0836932
0.0836221
0.0835406
0.0834496
0.0834267
0.0834814
0.0833753
0.0835257
0.0835141
0.083478
0.0834615
0.0834306
0.0835041
0.0835327
0.0835172
0.0835551
0.0835772
0.0835666
0.0835296
0.0835318
0.0835403
0.0835542
0.0836178
0.0835775
0.0835369
0.0835282
0.0835291
0.0835224
0.0835452
0.083499
0.0834776
0.083458
0.0834464
0.0834263
0.0834348
0.0834389
0.0834348
0.0834224
0.0834092
0.0833847
0.0833905
0.0833933
0.0834033
0.0833936
0.0833979
0.0833839
0.083367
0.0833907
0.0834022
0.0833859
0.0834037
0.0833993
0.0833938
0.0834035
0.0833957
0.0833884
0.0834056
0.0834162
0.0834016
0.0833988
0.083399
0.0833994
0.0833965
0.0833865
0.0833905
0.0833751
0.0833748
0.0833837
0.0834002
0.0834041
0.0833928
0.0833895
0.083389
0.0833747
0.0833692
0.0833722
0.0833663
0.0833714
0.0833833
0.0833755
0.0833924
0.0834067
0.0834106
0.0834047
0.083418
0.0834014
0.0834001
0.0833944
0.0833962
0.0834068
0.0834116
0.0834091
0.0834056
