           0     35.3916     1.34758
           1     34.0297     1.24942
           2     32.8003     1.29297
           3     31.6003     1.29148
           4     30.4759     1.17701
           5     29.5179     1.18427
           6     28.6502     1.18852
           7     27.6955     1.25304
           8     26.4781     1.60918
           9     25.1132     1.65795
          10      23.907     1.19295
          11     23.3778    0.976528
          12     22.5953     0.92481
          13     22.3349     1.08659
          14     21.6533     1.11738
          15     20.7648    0.854809
          16      20.394    0.871356
          17     19.8777    0.787946
          18     19.5508    0.859727
          19     19.2726    0.825583
          20     18.9639    0.749345
          21     18.6305    0.611945
          22     18.2848     0.53106
          23     18.0354    0.489157
          24     17.7721    0.416128
          25     17.6607     0.42042
          26     17.7511    0.591792
          27     17.3972    0.412099
          28     17.1424    0.261663
          29     17.0334    0.356788
          30     16.8035    0.312716
          31     16.6356    0.280314
          32      16.448     0.17608
          33     16.3119    0.294258
          34     16.1014    0.234158
          35     15.9819    0.155873
          36     15.9188   0.0188427
          37     15.9155 5.84004e-07
          38     15.9155 5.84004e-07
          39     15.9069   0.0606442
          40     15.8551    0.150248
          41     15.6321    0.513572
          42      15.323    0.754796
          43     14.9302    0.910701
          44     14.6526    0.862555
          45     14.2156    0.469176
          46     14.1042    0.311089
          47     13.9871   0.0405345
          48     13.9588   0.0445532
          49     13.9121    0.106188
          50     13.9457    0.242249
          51     13.9323    0.394452
          52     13.9137    0.468117
          53     13.6075    0.400642
          54      13.693    0.655196
          55       13.49    0.612084
          56     13.3425    0.471044
          57     13.2321    0.406328
          58     13.0108   0.0705199
          59      13.011   0.0939558
          60     13.0565    0.194413
          61      13.019    0.305392
          62     13.1042    0.549054
          63     13.0375     0.67108
          64     13.0516    0.782149
          65     12.8512    0.676687
          66     12.7113    0.609982
          67     12.4799    0.311652
          68     12.3622  0.00444463
          69     12.3618  6.0785e-07
          70     12.3618  6.0785e-07
          71     12.3497   0.0526803
          72     12.4384    0.273758
          73     12.5068    0.449633
          74     12.4832    0.473888
          75     12.7162    0.748877
          76     12.5394    0.530687
          77     12.4465    0.510748
          78      12.249    0.645795
          79     12.1939      0.7715
          80      12.266    0.998469
          81     11.7846    0.843136
          82     11.4168    0.720106
          83     11.1529    0.522167
          84     10.9882    0.245836
          85     10.9518    0.143625
          86     10.9147  0.00428828
          87     10.9099    0.013996
          88     10.8961   0.0215239
          89     10.8806   0.0264272
          90      10.859   0.0462434
          91     10.8502   0.0699767
          92     10.7947   0.0849141
          93     10.7438   0.0728649
          94     10.7016   0.0288737
          95     10.7013   0.0252899
          96     10.6952  6.1943e-07
          97     10.6952  6.1943e-07
          98     10.6952  6.1943e-07
          99     10.6952  6.1943e-07
         100     10.6947  0.00547917
         101     10.6896   0.0111561
         102     10.6807   0.0133172
         103     10.6691   0.0105708
         104     10.6631  0.00855151
         105     10.6613  0.00754403
         106     10.6594   0.0055751
         107      10.658  0.00310003
         108     10.6575 6.41962e-07
         109     10.6575 6.41962e-07
         110     10.6575 6.41962e-07
         111     10.6177    0.146886
         112     10.4889    0.256575
         113     10.2617    0.262741
         114     10.1187    0.155159
         115     10.0745   0.0924145
         116     10.0396 3.15398e-07
         117     10.0396 3.15398e-07
         118     10.0396 3.15398e-07
         119     10.0396 3.15398e-07
         120     10.0396 3.15398e-07
         121     10.0378  0.00773298
         122     10.0329   0.0137521
         123     10.0265   0.0170312
         124     10.0184   0.0173299
         125     10.0333   0.0841017
         126     10.0148   0.0422651
         127      10.018   0.0617833
         128     10.0041 3.37175e-07
         129     10.0045  0.00353035
         130     10.0688    0.231718
         131     10.0157   0.0786773
         132     9.99162    0.016792
         133     9.98647   0.0176998
         134     9.97812   0.0157953
         135     9.97528   0.0139574
         136      9.9711  0.00910204
         137     9.96852  6.1943e-07
         138     9.96852  6.1943e-07
         139     9.96852  6.1943e-07
         140     9.97295   0.0406887
         141     9.97065  0.00842636
         142     9.96852  6.1943e-07
         143     9.96852  6.1943e-07
         144     9.96852  6.1943e-07
         145     9.96852  6.1943e-07
         146     10.0728    0.279994
         147     10.3642    0.655377
         148     10.4551    0.729654
         149     10.5953    0.808309
         150     10.4452    0.689539
         151     10.4059    0.658631
         152     10.5575    0.846697
         153     10.3958    0.739894
         154     10.0977    0.389651
         155      10.032    0.260267
         156     9.96852  6.1943e-07
         157     9.96852  6.1943e-07
         158     9.96852  6.1943e-07
         159     9.96852  6.1943e-07
         160     9.96852  6.1943e-07
         161     9.96852  6.1943e-07
         162     9.98068   0.0692682
         163     9.96852  6.1943e-07
         164     9.96852  6.1943e-07
         165     9.96852  6.1943e-07
         166     9.96852  6.1943e-07
         167     9.96852  6.1943e-07
         168     9.96852  6.1943e-07
         169     9.96852  6.1943e-07
         170     9.96852  6.1943e-07
         171     9.96852  6.1943e-07
         172     9.96852  6.1943e-07
         173     9.96852  6.1943e-07
         174     9.96852  6.1943e-07
         175     9.96852  6.1943e-07
         176     9.96852  6.1943e-07
         177     9.96852  6.1943e-07
         178     9.96852  6.1943e-07
         179     9.96852  6.1943e-07
         180     9.96852  6.1943e-07
         181     10.0181    0.194229
         182     9.96852  6.1943e-07
         183     9.96852  6.1943e-07
         184     9.96852  6.1943e-07
         185     9.96852  6.1943e-07
         186     9.96852  6.1943e-07
         187     9.96852  6.1943e-07
         188     9.96852  6.1943e-07
         189     9.96852  6.1943e-07
         190     9.96852  6.1943e-07
         191     9.96852  6.1943e-07
         192     9.96852  6.1943e-07
         193     9.96852  6.1943e-07
         194     10.1136    0.410885
         195     9.98044    0.068037
         196     9.98123   0.0963918
         197     9.98011   0.0815374
         198     9.96852  6.1943e-07
         199     9.96852  6.1943e-07
         200     9.96852  6.1943e-07
         201     9.96852  6.1943e-07
         202     9.96852  6.1943e-07
         203     9.96852  6.1943e-07
         204     9.96852  6.1943e-07
         205     9.96852  6.1943e-07
         206     9.96852  6.1943e-07
         207     9.96852  6.1943e-07
         208     9.97109   0.0255814
         209     10.0175    0.167659
         210     9.96852  6.1943e-07
         211     9.96852  6.1943e-07
         212     9.96852  6.1943e-07
         213     9.96852  6.1943e-07
         214     9.96852  6.1943e-07
         215     9.96852  6.1943e-07
         216     10.0048    0.146752
         217     10.0108     0.16353
         218     9.96852  6.1943e-07
         219     9.96852  6.1943e-07
         220     9.96852  6.1943e-07
         221     9.96852  6.1943e-07
         222     9.96852  6.1943e-07
         223     9.96852  6.1943e-07
         224     9.96852  6.1943e-07
         225     9.96852  6.1943e-07
         226     9.96852  6.1943e-07
         227     9.96852  6.1943e-07
         228     9.96852  6.1943e-07
         229     9.96852  6.1943e-07
         230     9.96852  6.1943e-07
         231     9.96852  6.1943e-07
         232     9.96852  6.1943e-07
         233     9.96852  6.1943e-07
         234     9.96852  6.1943e-07
         235     9.96852  6.1943e-07
         236     9.96852  6.1943e-07
         237     9.96852  6.1943e-07
         238     9.96852  6.1943e-07
         239     9.96852  6.1943e-07
         240     9.96852  6.1943e-07
         241     9.96852  6.1943e-07
         242     9.96852  6.1943e-07
         243     9.96852  6.1943e-07
         244     9.96852  6.1943e-07
         245     9.96852  6.1943e-07
         246     9.96852  6.1943e-07
         247     10.0284    0.270941
         248     9.96852  6.1943e-07
         249     9.96852  6.1943e-07
         250     9.96852  6.1943e-07
         251     9.96852  6.1943e-07
         252     9.96852  6.1943e-07
         253     9.96852  6.1943e-07
         254     9.96852  6.1943e-07
         255     9.97361   0.0356729
         256     9.96852  6.1943e-07
         257     9.96852  6.1943e-07
         258     9.96852  6.1943e-07
         259     9.96852  6.1943e-07
         260     9.96852  6.1943e-07
         261     9.96852  6.1943e-07
         262     9.96852  6.1943e-07
         263     9.96852  6.1943e-07
         264     9.96852  6.1943e-07
         265     9.96852  6.1943e-07
         266     9.96852  6.1943e-07
         267     9.96852  6.1943e-07
         268     9.96852  6.1943e-07
         269     9.96852  6.1943e-07
         270     9.96852  6.1943e-07
         271     9.96852  6.1943e-07
         272     9.96852  6.1943e-07
         273     9.96852  6.1943e-07
         274     9.96852  6.1943e-07
         275     9.96852  6.1943e-07
         276     9.96852  6.1943e-07
         277     9.96852  6.1943e-07
         278     9.96852  6.1943e-07
         279     9.97323   0.0469053
         280     9.96852  6.1943e-07
         281     9.96852  6.1943e-07
         282     9.98319   0.0647219
         283     9.96852  6.1943e-07
         284     9.96852  6.1943e-07
         285     9.96852  6.1943e-07
         286     9.96852  6.1943e-07
         287     9.96852  6.1943e-07
         288     9.96852  6.1943e-07
         289     9.96852  6.1943e-07
         290     9.96852  6.1943e-07
         291     9.96852  6.1943e-07
         292     9.96852  6.1943e-07
         293     9.96852  6.1943e-07
         294     9.96852  6.1943e-07
         295     9.96852  6.1943e-07
         296     9.96852  6.1943e-07
         297     9.96852  6.1943e-07
         298     9.96852  6.1943e-07
         299     9.96852  6.1943e-07
         300     9.96852  6.1943e-07
         301     9.96852  6.1943e-07
         302     9.96852  6.1943e-07
         303     9.96852  6.1943e-07
         304     9.96852  6.1943e-07
         305     9.96852  6.1943e-07
         306     9.96852  6.1943e-07
         307     9.96852  6.1943e-07
         308     9.96852  6.1943e-07
         309     9.96852  6.1943e-07
         310     9.96852  6.1943e-07
         311     9.96852  6.1943e-07
         312     9.96852  6.1943e-07
         313     9.96852  6.1943e-07
         314     9.96852  6.1943e-07
         315     9.96852  6.1943e-07
         316     9.96852  6.1943e-07
         317     9.96852  6.1943e-07
         318     9.97949    0.083379
         319     9.96852  6.1943e-07
         320     9.96852  6.1943e-07
         321     9.96852  6.1943e-07
         322     9.96852  6.1943e-07
         323     9.96852  6.1943e-07
         324     9.96852  6.1943e-07
         325     9.96852  6.1943e-07
         326     9.96852  6.1943e-07
         327     9.96852  6.1943e-07
         328     9.96852  6.1943e-07
         329     10.0039    0.141381
         330     9.96852  6.1943e-07
         331     9.96852  6.1943e-07
         332     9.96852  6.1943e-07
         333     9.96852  6.1943e-07
         334     9.96852  6.1943e-07
         335     9.96852  6.1943e-07
         336     9.96852  6.1943e-07
         337     9.96852  6.1943e-07
         338     9.96852  6.1943e-07
         339     9.98996    0.114701
         340     9.96852  6.1943e-07
         341     10.0839    0.400625
         342     10.0091    0.163688
         343     9.97151   0.0297951
         344     9.98452    0.093878
         345     9.96852  6.1943e-07
         346     9.96852  6.1943e-07
         347     9.96852  6.1943e-07
         348     9.96852  6.1943e-07
         349     9.99348    0.112608
         350     9.97204   0.0205141
         351     10.0801    0.354442
         352     10.1669    0.518045
         353     9.96852  6.1943e-07
         354     9.96852  6.1943e-07
         355     9.96852  6.1943e-07
         356     9.96852  6.1943e-07
         357     9.96852  6.1943e-07
         358     9.96852  6.1943e-07
         359     9.96852  6.1943e-07
         360     9.96852  6.1943e-07
         361     9.96852  6.1943e-07
         362     9.96852  6.1943e-07
         363     9.96852  6.1943e-07
         364     9.96852  6.1943e-07
         365     9.96852  6.1943e-07
         366     9.96852  6.1943e-07
         367     9.96852  6.1943e-07
         368     9.96852  6.1943e-07
         369     9.96852  6.1943e-07
         370     9.96852  6.1943e-07
         371     9.96852  6.1943e-07
         372     9.96852  6.1943e-07
         373     9.96852  6.1943e-07
         374     9.96852  6.1943e-07
         375     9.96852  6.1943e-07
         376     9.96852  6.1943e-07
         377     9.96852  6.1943e-07
         378     9.96852  6.1943e-07
         379     9.96852  6.1943e-07
         380     9.96852  6.1943e-07
         381     9.96852  6.1943e-07
         382     9.96852  6.1943e-07
         383     9.96852  6.1943e-07
         384     9.96852  6.1943e-07
         385      10.012    0.169835
         386     9.96852  6.1943e-07
         387     9.96852  6.1943e-07
         388     9.96852  6.1943e-07
         389     9.96852  6.1943e-07
         390     9.96852  6.1943e-07
         391     9.96852  6.1943e-07
         392     9.96852  6.1943e-07
         393     9.96852  6.1943e-07
         394     9.96852  6.1943e-07
         395     9.96852  6.1943e-07
         396     9.96852  6.1943e-07
         397     9.96852  6.1943e-07
         398     9.96852  6.1943e-07
         399     9.96852  6.1943e-07
         400     9.96852  6.1943e-07
         401     9.96852  6.1943e-07
         402     9.96852  6.1943e-07
         403     9.96852  6.1943e-07
         404     9.96852  6.1943e-07
         405     9.96852  6.1943e-07
         406     9.96852  6.1943e-07
         407     9.96852  6.1943e-07
         408     9.96852  6.1943e-07
         409     9.96852  6.1943e-07
         410     9.96852  6.1943e-07
         411     9.96852  6.1943e-07
         412     9.96852  6.1943e-07
         413     9.96852  6.1943e-07
         414     9.96852  6.1943e-07
         415     9.96852  6.1943e-07
         416     9.96852  6.1943e-07
         417     9.96852  6.1943e-07
         418     10.1025    0.450416
         419     9.98729    0.132584
         420     9.96852  6.1943e-07
         421     9.96852  6.1943e-07
         422     9.96852  6.1943e-07
         423     9.96852  6.1943e-07
         424     9.96852  6.1943e-07
         425     9.96852  6.1943e-07
         426     9.96852  6.1943e-07
         427     9.96852  6.1943e-07
         428     9.96852  6.1943e-07
         429     9.96852  6.1943e-07
         430     9.96852  6.1943e-07
         431     9.96852  6.1943e-07
         432     9.96852  6.1943e-07
         433     9.96852  6.1943e-07
         434     9.96852  6.1943e-07
         435     9.96852  6.1943e-07
         436     9.96852  6.1943e-07
         437     9.96852  6.1943e-07
         438     9.96852  6.1943e-07
         439     9.96852  6.1943e-07
         440     9.96852  6.1943e-07
         441     9.96852  6.1943e-07
         442     9.96852  6.1943e-07
         443     9.96852  6.1943e-07
         444     9.96852  6.1943e-07
         445     9.96852  6.1943e-07
         446     9.96852  6.1943e-07
         447     9.96852  6.1943e-07
         448     9.96852  6.1943e-07
         449     9.96852  6.1943e-07
         450     9.96852  6.1943e-07
         451     9.96961   0.0108989
         452     9.96852  6.1943e-07
         453     9.96852  6.1943e-07
         454     9.96852  6.1943e-07
         455     9.96852  6.1943e-07
         456     9.98938   0.0996176
         457     9.96852  6.1943e-07
         458     9.96852  6.1943e-07
         459     9.96852  6.1943e-07
         460     9.96852  6.1943e-07
         461     9.96852  6.1943e-07
         462     9.96852  6.1943e-07
         463     9.96852  6.1943e-07
         464      9.9695  0.00978581
         465     9.96852  6.1943e-07
         466     9.96852  6.1943e-07
         467     9.96852  6.1943e-07
         468     9.96852  6.1943e-07
         469     9.96852  6.1943e-07
         470     9.96852  6.1943e-07
         471     9.96852  6.1943e-07
         472     9.96852  6.1943e-07
         473     9.96852  6.1943e-07
         474     9.96852  6.1943e-07
         475     9.96852  6.1943e-07
         476     9.96852  6.1943e-07
         477     9.96852  6.1943e-07
         478     9.96852  6.1943e-07
         479     9.96852  6.1943e-07
         480     9.96852  6.1943e-07
         481     9.96852  6.1943e-07
         482     9.96852  6.1943e-07
         483     9.96852  6.1943e-07
         484     9.96852  6.1943e-07
         485     9.96852  6.1943e-07
         486     9.96852  6.1943e-07
         487     9.96852  6.1943e-07
         488     9.96852  6.1943e-07
         489     9.96852  6.1943e-07
         490     9.96852  6.1943e-07
         491     9.96852  6.1943e-07
         492     9.96852  6.1943e-07
         493     9.96852  6.1943e-07
         494     9.96852  6.1943e-07
         495     9.96852  6.1943e-07
         496     9.96852  6.1943e-07
         497     9.96852  6.1943e-07
         498     9.96852  6.1943e-07
         499     9.96852  6.1943e-07
         500     10.0348    0.241278
         501     9.96852  6.1943e-07
         502     9.96852  6.1943e-07
         503     9.96852  6.1943e-07
         504     9.96852  6.1943e-07
         505     9.98109   0.0836876
         506     10.1959     0.52217
         507     10.1661    0.501179
         508     9.96852  6.1943e-07
         509     9.96852  6.1943e-07
         510     9.96852  6.1943e-07
         511     9.96852  6.1943e-07
         512     9.96852  6.1943e-07
         513     9.96852  6.1943e-07
         514     9.96852  6.1943e-07
         515     9.96852  6.1943e-07
         516     9.96852  6.1943e-07
         517     9.96852  6.1943e-07
         518     9.96852  6.1943e-07
         519     9.96852  6.1943e-07
         520     9.96852  6.1943e-07
         521     9.96852  6.1943e-07
         522     9.96852  6.1943e-07
         523     9.96852  6.1943e-07
         524     9.96852  6.1943e-07
         525     9.96852  6.1943e-07
         526     9.96852  6.1943e-07
         527     9.96852  6.1943e-07
         528     9.96852  6.1943e-07
         529     9.96852  6.1943e-07
         530     9.96852  6.1943e-07
         531     9.96852  6.1943e-07
         532     9.96852  6.1943e-07
         533     9.96852  6.1943e-07
         534     9.96852  6.1943e-07
         535     9.96852  6.1943e-07
         536     9.96852  6.1943e-07
         537     9.96852  6.1943e-07
         538     9.96852  6.1943e-07
         539     9.96852  6.1943e-07
         540     9.96852  6.1943e-07
         541     9.96852  6.1943e-07
         542     9.96852  6.1943e-07
         543     9.96852  6.1943e-07
         544     9.96852  6.1943e-07
         545     9.96852  6.1943e-07
         546     9.96852  6.1943e-07
         547     9.96852  6.1943e-07
         548     9.96852  6.1943e-07
         549     9.96852  6.1943e-07
         550     9.96852  6.1943e-07
         551     9.96852  6.1943e-07
         552     9.96852  6.1943e-07
         553     9.96852  6.1943e-07
         554     9.96852  6.1943e-07
         555     9.96852  6.1943e-07
         556     9.96852  6.1943e-07
         557     9.96852  6.1943e-07
         558     9.96852  6.1943e-07
         559     9.96852  6.1943e-07
         560     9.96852  6.1943e-07
         561     9.96852  6.1943e-07
         562     9.96852  6.1943e-07
         563     9.96852  6.1943e-07
         564     9.96852  6.1943e-07
         565     9.96852  6.1943e-07
         566     9.96852  6.1943e-07
         567     9.96852  6.1943e-07
         568     9.96852  6.1943e-07
         569     9.96852  6.1943e-07
         570     9.96852  6.1943e-07
         571     9.96852  6.1943e-07
         572     9.96852  6.1943e-07
         573     9.96852  6.1943e-07
         574     9.96852  6.1943e-07
         575     9.96852  6.1943e-07
         576     9.96852  6.1943e-07
         577     9.96852  6.1943e-07
         578     9.96852  6.1943e-07
         579     9.96852  6.1943e-07
         580     9.96852  6.1943e-07
         581     9.96852  6.1943e-07
         582     9.96852  6.1943e-07
         583     9.96852  6.1943e-07
         584     9.96852  6.1943e-07
         585     9.96852  6.1943e-07
         586     9.96852  6.1943e-07
         587     9.96852  6.1943e-07
         588     9.96852  6.1943e-07
         589     9.96852  6.1943e-07
         590     9.96852  6.1943e-07
         591     9.96852  6.1943e-07
         592     10.0164    0.179922
         593     9.96852  6.1943e-07
         594     9.96852  6.1943e-07
         595     9.96852  6.1943e-07
         596     9.96852  6.1943e-07
         597     9.96852  6.1943e-07
         598     9.96852  6.1943e-07
         599     9.96852  6.1943e-07
         600     9.96852  6.1943e-07
         601     9.96852  6.1943e-07
         602     9.96852  6.1943e-07
         603     9.96852  6.1943e-07
         604     9.96852  6.1943e-07
         605     9.96852  6.1943e-07
         606     9.97239   0.0315352
         607     9.96852  6.1943e-07
         608     9.96852  6.1943e-07
         609     9.96852  6.1943e-07
         610     9.96852  6.1943e-07
         611     9.96852  6.1943e-07
         612     9.96852  6.1943e-07
         613     9.96852  6.1943e-07
         614     9.96852  6.1943e-07
         615     9.96852  6.1943e-07
         616     9.96852  6.1943e-07
         617     9.96852  6.1943e-07
         618     9.96852  6.1943e-07
         619     9.96852  6.1943e-07
         620     9.96852  6.1943e-07
         621     9.96852  6.1943e-07
         622     9.96852  6.1943e-07
         623     9.96852  6.1943e-07
         624     9.96852  6.1943e-07
         625     9.96852  6.1943e-07
         626     9.96852  6.1943e-07
         627     9.96852  6.1943e-07
         628     9.96852  6.1943e-07
         629     9.96852  6.1943e-07
         630     9.96852  6.1943e-07
         631     9.96852  6.1943e-07
         632     9.96852  6.1943e-07
         633     9.96852  6.1943e-07
         634     9.96852  6.1943e-07
         635     9.96852  6.1943e-07
         636     9.96852  6.1943e-07
         637     9.96852  6.1943e-07
         638     9.96852  6.1943e-07
         639     9.96852  6.1943e-07
         640     9.96852  6.1943e-07
         641     9.96852  6.1943e-07
         642     9.96852  6.1943e-07
         643     9.96852  6.1943e-07
         644     9.96852  6.1943e-07
         645     9.96852  6.1943e-07
         646     9.96852  6.1943e-07
         647     9.96852  6.1943e-07
         648     9.96852  6.1943e-07
         649     9.96852  6.1943e-07
         650     9.96852  6.1943e-07
         651     9.96852  6.1943e-07
         652     9.96852  6.1943e-07
         653     9.96852  6.1943e-07
         654     9.96852  6.1943e-07
         655     9.96852  6.1943e-07
         656     9.96852  6.1943e-07
         657     9.98371   0.0863604
         658     10.4058    0.785096
         659     9.97377   0.0451607
         660     9.96852  6.1943e-07
         661     9.96852  6.1943e-07
         662     9.96852  6.1943e-07
         663     9.96852  6.1943e-07
         664     9.96852  6.1943e-07
         665     9.96852  6.1943e-07
         666     9.96852  6.1943e-07
         667     9.96852  6.1943e-07
         668     9.96852  6.1943e-07
         669     9.96852  6.1943e-07
         670     9.96852  6.1943e-07
         671     9.96852  6.1943e-07
         672     9.96852  6.1943e-07
         673     9.96852  6.1943e-07
         674     9.96852  6.1943e-07
         675     9.96852  6.1943e-07
         676     9.96852  6.1943e-07
         677     9.96852  6.1943e-07
         678     9.96852  6.1943e-07
         679     9.96852  6.1943e-07
         680     9.96852  6.1943e-07
         681     9.96852  6.1943e-07
         682     9.96852  6.1943e-07
         683     9.96852  6.1943e-07
         684     9.96852  6.1943e-07
         685     9.97098   0.0139793
         686     9.97521   0.0369404
         687     9.97186    0.026334
         688     9.97615    0.049875
         689     9.96852  6.1943e-07
         690     9.96852  6.1943e-07
         691     9.96852  6.1943e-07
         692     9.96852  6.1943e-07
         693     9.96852  6.1943e-07
         694     9.96852  6.1943e-07
         695     9.96852  6.1943e-07
         696     9.96852  6.1943e-07
         697     9.96852  6.1943e-07
         698     9.96852  6.1943e-07
         699     9.96852  6.1943e-07
         700     9.96852  6.1943e-07
         701     9.96852  6.1943e-07
         702     9.96852  6.1943e-07
         703     9.96852  6.1943e-07
         704     9.96852  6.1943e-07
         705     9.96852  6.1943e-07
         706     9.96852  6.1943e-07
         707     9.96852  6.1943e-07
         708     9.96852  6.1943e-07
         709     9.96852  6.1943e-07
         710     9.96852  6.1943e-07
         711     9.96852  6.1943e-07
         712     9.96852  6.1943e-07
         713     9.96852  6.1943e-07
         714     9.96852  6.1943e-07
         715     9.96852  6.1943e-07
         716     9.96852  6.1943e-07
         717     9.96852  6.1943e-07
         718     9.96852  6.1943e-07
         719     9.96852  6.1943e-07
         720     9.96852  6.1943e-07
         721     9.96852  6.1943e-07
         722     9.96852  6.1943e-07
         723     9.96852  6.1943e-07
         724     9.96852  6.1943e-07
         725     9.96852  6.1943e-07
         726     9.96852  6.1943e-07
         727     9.96852  6.1943e-07
         728       9.986   0.0949517
         729     9.97703   0.0544084
         730     9.97033   0.0126819
         731     9.98659    0.108474
         732     9.96852  6.1943e-07
         733     9.96852  6.1943e-07
         734     9.96852  6.1943e-07
         735     9.96852  6.1943e-07
         736     9.96852  6.1943e-07
         737     9.96852  6.1943e-07
         738     9.96852  6.1943e-07
         739     9.96852  6.1943e-07
         740     9.96852  6.1943e-07
         741     9.96852  6.1943e-07
         742     9.96852  6.1943e-07
         743     9.96852  6.1943e-07
         744     9.96852  6.1943e-07
         745     9.96852  6.1943e-07
         746     9.96852  6.1943e-07
         747     9.96852  6.1943e-07
         748     9.96852  6.1943e-07
         749     9.96852  6.1943e-07
         750     9.96852  6.1943e-07
         751     9.96852  6.1943e-07
         752     9.96852  6.1943e-07
         753     9.96852  6.1943e-07
         754     9.96852  6.1943e-07
         755     9.96852  6.1943e-07
         756     9.96852  6.1943e-07
         757     9.96852  6.1943e-07
         758     9.96852  6.1943e-07
         759     9.96852  6.1943e-07
         760     9.96852  6.1943e-07
         761     9.96852  6.1943e-07
         762     9.96852  6.1943e-07
         763     9.96852  6.1943e-07
         764     9.96852  6.1943e-07
         765     9.96852  6.1943e-07
         766     9.96852  6.1943e-07
         767     9.96852  6.1943e-07
         768     9.96852  6.1943e-07
         769     9.96852  6.1943e-07
         770     9.96852  6.1943e-07
         771     9.96852  6.1943e-07
         772     9.96852  6.1943e-07
         773     9.96852  6.1943e-07
         774     9.96852  6.1943e-07
         775     9.96852  6.1943e-07
         776     9.96852  6.1943e-07
         777     9.96852  6.1943e-07
         778     9.96852  6.1943e-07
         779     9.96852  6.1943e-07
         780     9.96852  6.1943e-07
         781     9.96852  6.1943e-07
         782     9.96852  6.1943e-07
         783     9.96852  6.1943e-07
         784     9.96852  6.1943e-07
         785     9.96852  6.1943e-07
         786     9.96852  6.1943e-07
         787     9.96852  6.1943e-07
         788     9.96852  6.1943e-07
         789     9.97464   0.0429251
         790     9.96852  6.1943e-07
         791     10.0499    0.261762
         792     9.97398    0.048238
         793     9.96852  6.1943e-07
         794     9.96852  6.1943e-07
         795     9.96852  6.1943e-07
         796     9.96852  6.1943e-07
         797     9.96852  6.1943e-07
         798     9.96852  6.1943e-07
         799     9.96852  6.1943e-07
         800     9.96852  6.1943e-07
         801     9.96852  6.1943e-07
         802     9.96852  6.1943e-07
         803     9.96852  6.1943e-07
         804     9.96852  6.1943e-07
         805     9.96852  6.1943e-07
         806     9.96852  6.1943e-07
         807     9.96852  6.1943e-07
         808     9.96852  6.1943e-07
         809     9.96852  6.1943e-07
         810     9.96852  6.1943e-07
         811     9.96852  6.1943e-07
         812     9.96852  6.1943e-07
         813     9.96852  6.1943e-07
         814     9.96852  6.1943e-07
         815     9.96852  6.1943e-07
         816     9.96852  6.1943e-07
         817     9.96852  6.1943e-07
         818     9.96852  6.1943e-07
         819     9.96852  6.1943e-07
         820     9.96852  6.1943e-07
         821     9.97694   0.0591717
         822     9.96852  6.1943e-07
         823     9.96852  6.1943e-07
         824      9.9716   0.0306296
         825     9.96852  6.1943e-07
         826     9.96852  6.1943e-07
         827     9.96852  6.1943e-07
         828     9.97747   0.0722502
         829     9.96852  6.1943e-07
         830     9.96852  6.1943e-07
         831     9.96852  6.1943e-07
         832     9.96852  6.1943e-07
         833     9.96852  6.1943e-07
         834     9.96852  6.1943e-07
         835     9.96852  6.1943e-07
         836     9.96852  6.1943e-07
         837     9.96852  6.1943e-07
         838     9.96852  6.1943e-07
         839     9.96852  6.1943e-07
         840     9.96852  6.1943e-07
         841     9.96852  6.1943e-07
         842     9.96852  6.1943e-07
         843     9.96852  6.1943e-07
         844     9.96852  6.1943e-07
         845     9.96852  6.1943e-07
         846     9.96852  6.1943e-07
         847     9.96852  6.1943e-07
         848     9.96852  6.1943e-07
         849     9.96852  6.1943e-07
         850     9.96852  6.1943e-07
         851     9.96852  6.1943e-07
         852     9.96852  6.1943e-07
         853     9.99646    0.139709
         854     9.96852  6.1943e-07
         855     9.96852  6.1943e-07
         856     9.96852  6.1943e-07
         857     9.96852  6.1943e-07
         858     9.96852  6.1943e-07
         859     9.96852  6.1943e-07
         860     9.96852  6.1943e-07
         861     9.96852  6.1943e-07
         862     9.96852  6.1943e-07
         863     9.96852  6.1943e-07
         864     9.96852  6.1943e-07
         865     9.96852  6.1943e-07
         866     9.96852  6.1943e-07
         867     9.96852  6.1943e-07
         868     9.96852  6.1943e-07
         869      9.9695  0.00978938
         870     9.96852  6.1943e-07
         871     9.96852  6.1943e-07
         872     9.97336   0.0238059
         873     9.96852  6.1943e-07
         874     9.96852  6.1943e-07
         875     9.96852  6.1943e-07
         876     9.96852  6.1943e-07
         877     9.96852  6.1943e-07
         878     9.96852  6.1943e-07
         879     9.96852  6.1943e-07
         880     9.96852  6.1943e-07
         881     9.96852  6.1943e-07
         882     9.96852  6.1943e-07
         883     9.96852  6.1943e-07
         884     9.96852  6.1943e-07
         885     9.96852  6.1943e-07
         886     9.96852  6.1943e-07
         887     9.96852  6.1943e-07
         888     9.96852  6.1943e-07
         889     9.96852  6.1943e-07
         890     9.96852  6.1943e-07
         891     9.96852  6.1943e-07
         892     9.96852  6.1943e-07
         893     9.96852  6.1943e-07
         894     9.96852  6.1943e-07
         895     9.96852  6.1943e-07
         896     9.96852  6.1943e-07
         897     9.96852  6.1943e-07
         898     9.96852  6.1943e-07
         899     9.96852  6.1943e-07
         900     9.96852  6.1943e-07
         901     9.96852  6.1943e-07
         902     9.96852  6.1943e-07
         903     9.96852  6.1943e-07
         904     9.96852  6.1943e-07
         905     9.96852  6.1943e-07
         906     9.96852  6.1943e-07
         907     9.96852  6.1943e-07
         908     9.96852  6.1943e-07
         909     9.96852  6.1943e-07
         910     9.96852  6.1943e-07
         911     9.96852  6.1943e-07
         912     9.96852  6.1943e-07
         913     9.96852  6.1943e-07
         914     9.96852  6.1943e-07
         915     9.96852  6.1943e-07
         916     9.96852  6.1943e-07
         917     9.96852  6.1943e-07
         918     9.96852  6.1943e-07
         919     9.96852  6.1943e-07
         920     9.96852  6.1943e-07
         921     9.96852  6.1943e-07
         922     9.96852  6.1943e-07
         923     9.96852  6.1943e-07
         924     9.96852  6.1943e-07
         925     9.96852  6.1943e-07
         926     9.96852  6.1943e-07
         927     9.96852  6.1943e-07
         928     9.96852  6.1943e-07
         929     9.96852  6.1943e-07
         930     9.96852  6.1943e-07
         931     9.96852  6.1943e-07
         932     9.98899     0.12336
         933     9.99541    0.122977
         934     9.96852  6.1943e-07
         935     9.96852  6.1943e-07
         936     9.96852  6.1943e-07
         937     9.96852  6.1943e-07
         938     9.96852  6.1943e-07
         939     9.96852  6.1943e-07
         940     9.96852  6.1943e-07
         941     9.96852  6.1943e-07
         942     9.96852  6.1943e-07
         943     9.96852  6.1943e-07
         944     9.96852  6.1943e-07
         945     9.96852  6.1943e-07
         946     9.96852  6.1943e-07
         947     9.96852  6.1943e-07
         948     9.96852  6.1943e-07
         949     9.96852  6.1943e-07
         950     10.0233    0.180196
         951     9.96852  6.1943e-07
         952     9.96852  6.1943e-07
         953     9.96852  6.1943e-07
         954     9.96852  6.1943e-07
         955     9.96852  6.1943e-07
         956     9.96852  6.1943e-07
         957     9.97112    0.019564
         958     9.98753   0.0977672
         959     9.96852  6.1943e-07
         960     9.96852  6.1943e-07
         961     9.96852  6.1943e-07
         962     9.96852  6.1943e-07
         963     9.96852  6.1943e-07
         964     9.96852  6.1943e-07
         965     9.96852  6.1943e-07
         966     9.96852  6.1943e-07
         967     9.96852  6.1943e-07
         968     9.96852  6.1943e-07
         969     9.96852  6.1943e-07
         970     9.96852  6.1943e-07
         971     9.96852  6.1943e-07
         972     9.96852  6.1943e-07
         973     9.96852  6.1943e-07
         974     9.96852  6.1943e-07
         975     9.96852  6.1943e-07
         976     9.96852  6.1943e-07
         977     9.96852  6.1943e-07
         978     9.96852  6.1943e-07
         979     9.96852  6.1943e-07
         980     9.96852  6.1943e-07
         981     9.96852  6.1943e-07
         982     9.96852  6.1943e-07
         983     9.96852  6.1943e-07
         984     10.0862    0.316642
         985     10.0478    0.248166
         986     9.96852  6.1943e-07
         987      9.9767   0.0595445
         988     9.96852  6.1943e-07
         989     9.96852  6.1943e-07
         990     9.96852  6.1943e-07
         991     9.96852  6.1943e-07
         992     9.96852  6.1943e-07
         993     9.96852  6.1943e-07
         994     9.96852  6.1943e-07
         995     9.96852  6.1943e-07
         996     9.96852  6.1943e-07
         997     9.96852  6.1943e-07
         998     9.96852  6.1943e-07
         999     9.98631    0.110919
        1000     9.96852  6.1943e-07
