1.0004903373
1.0003691769
1.0005348631
1.0005389623
1.0004456454
1.0003991453
1.0003703986
1.0002981101
1.0003739712
1.0003007761
1.0003042514
1.0003597029
1.0002437575
1.0002676438
1.0002326960
1.0001475116
1.0001391037
1.0001251575
1.0001108272
1.0001535568
1.0001654331
1.0001414486
1.0001565975
1.0000868083
1.0000859943
1.0000912248
1.0000617440
1.0000594429
1.0000683779
1.0000665825
1.0000510937
1.0000578995
1.0000657423
1.0000684652
1.0000819553
1.0000989385
1.0001225346
1.0001026800
1.0001131637
1.0001151040
1.0001088531
1.0000938514
1.0000708077
1.0000646200
1.0000702988
1.0000574121
1.0000327605
1.0000342739
1.0000231430
1.0000288258
1.0000144828
1.0000143682
1.0000026296
1.0000022349
1.0000002923
0.9999996008
1.0000113953
0.9999972016
1.0000011549
1.0000017672
1.0000044638
1.0000060886
0.9999953502
0.9999997444
0.9999934128
1.0000031550
1.0000032974
0.9999982178
1.0000018718
1.0000067152
1.0000179939
1.0000089661
1.0000086045
1.0000199793
1.0000125641
1.0000055157
0.9999996876
1.0000031667
0.9999990118
0.9999857098
0.9999944828
0.9999984785
0.9999930892
0.9999990216
0.9999982128
1.0000026986
1.0000046096
0.9999980665
1.0000100557
1.0000090491
1.0000271923
1.0000178498
1.0000106522
1.0000041586
1.0000032138
1.0000053999
1.0000085968
1.0000159662
1.0000186733
1.0000275257
