1.0622643821
0.9803918071
1.0326023791
0.9988937974
1.0026715478
1.0086623852
1.0058903630
1.0058477418
0.9959936448
0.9889773140
0.9905062707
0.9861381220
0.9859868388
0.9861747857
0.9890881148
0.9833779379
0.9839183145
0.9857370795
0.9857815696
0.9885917770
0.9906280013
0.9921357237
0.9936061780
0.9929358733
0.9910597576
0.9909553837
0.9890791110
0.9886563780
0.9879902541
0.9878560389
0.9890807046
0.9901176292
0.9877498614
0.9899403874
0.9911716587
0.9915584951
0.9900833383
0.9905772672
0.9908784883
0.9921052741
0.9922783084
0.9922816659
0.9925221763
0.9934912115
0.9938646613
0.9941785388
0.9947357254
0.9948854744
0.9942628507
0.9947082864
0.9944749288
0.9953012355
0.9946712617
0.9955374499
0.9962064749
0.9963869225
0.9952946827
0.9963975660
0.9971410757
0.9966058869
0.9982275900
0.9968420140
0.9967638599
0.9968149183
0.9962173484
0.9962266281
0.9943806514
0.9945881898
0.9939514141
0.9921953070
0.9919701053
0.9918833232
0.9915753309
0.9931004505
0.9932499216
0.9925742434
0.9937543102
0.9930415977
0.9922690651
0.9920133426
0.9908439497
0.9903789212
0.9907554621
0.9909166670
0.9920880954
0.9920901975
0.9924198565
0.9934157953
0.9940621647
0.9937764365
0.9952117319
0.9959922718
0.9964672141
0.9965173135
0.9972529694
0.9975809984
0.9974964570
0.9979458208
0.9983756829
0.9979385678
