           1         0.8         0.8           0
           2         0.8         0.8           0
           3         0.8         0.8           0
           4         0.8         0.8           0
           5         0.8         0.8 4.71216e-09
           6         0.8         0.8 4.30159e-09
           7         0.8         0.8  6.8979e-09
           8         0.8         0.8 6.45239e-09
           9         0.8         0.8 6.08337e-09
          10         0.8         0.8 5.77119e-09
          11         0.8         0.8 7.10385e-09
          12         0.8         0.8 6.80142e-09
          13         0.8         0.8 6.53459e-09
          14         0.8         0.8 6.29689e-09
          15         0.8         0.8 6.08337e-09
          16         0.8         0.8  5.8902e-09
          17         0.8         0.8 5.71433e-09
          18         0.8         0.8 5.55333e-09
          19         0.8         0.8 5.40522e-09
          20         0.8         0.8 4.08085e-09
          21         0.8         0.8  3.9825e-09
          22         0.8         0.8 5.02318e-09
          23         0.8         0.8 4.91277e-09
          24         0.8         0.8 4.80933e-09
          25         0.8         0.8 4.71216e-09
          26         0.8         0.8 4.62065e-09
          27         0.8         0.8 4.53428e-09
          28         0.8         0.8 4.45257e-09
          29         0.8         0.8 4.37513e-09
          30         0.8         0.8 4.30159e-09
          31         0.8         0.8 4.23165e-09
          32         0.8         0.8   4.165e-09
          33         0.8         0.8 4.10141e-09
          34         0.8         0.8 4.04064e-09
          35         0.8         0.8  3.9825e-09
          36         0.8         0.8  3.9268e-09
          37         0.8         0.8 3.87337e-09
          38         0.8         0.8 3.82207e-09
          39         0.8         0.8 3.77275e-09
          40         0.8         0.8  2.8856e-09
          41         0.8         0.8 2.85019e-09
          42         0.8         0.8 1.62585e-09
          43         0.8         0.8           0
          44         0.8         0.8           0
          45         0.8         0.8 2.22133e-09
          46         0.8         0.8 2.69083e-09
          47         0.8         0.8 2.66205e-09
          48         0.8         0.8 3.40071e-09
          49         0.8         0.8 3.36583e-09
          50         0.8         0.8 3.94248e-09
          51         0.8         0.8 3.90363e-09
          52         0.8         0.8 4.13284e-09
          53         0.8         0.8 4.09366e-09
          54         0.8         0.8 4.05558e-09
          55         0.8         0.8 4.49287e-09
          56         0.8         0.8 4.45257e-09
          57         0.8         0.8 4.62875e-09
          58         0.8         0.8 4.58868e-09
          59         0.8         0.8 4.54962e-09
          60         0.8         0.8 4.90457e-09
          61         0.8         0.8 4.86421e-09
          62         0.8         0.8 4.82482e-09
          63         0.8         0.8 5.14139e-09
          64         0.8         0.8 5.10106e-09
          65         0.8         0.8 5.06167e-09
          66         0.8         0.8 5.18792e-09
          67         0.8         0.8 5.14906e-09
          68         0.8         0.8 5.11106e-09
          69         0.8         0.8 5.07388e-09
          70         0.8         0.8 5.34309e-09
          71         0.8         0.8 5.30533e-09
          72         0.8         0.8 5.26836e-09
          73         0.8         0.8 5.23215e-09
          74         0.8         0.8 5.33908e-09
          75         0.8         0.8 5.30336e-09
          76         0.8         0.8 5.26836e-09
          77         0.8         0.8 5.23403e-09
          78         0.8         0.8 5.20037e-09
          79         0.8         0.8 5.43252e-09
          80         0.8         0.8 5.39846e-09
          81         0.8         0.8 5.10316e-09
          82         0.8         0.8 5.07195e-09
          83         0.8         0.8     5.3e-09
          84         0.8         0.8 5.26836e-09
          85         0.8         0.8 5.23727e-09
          86         0.8         0.8 5.20674e-09
          87         0.8         0.8 5.17673e-09
          88         0.8         0.8 5.14723e-09
          89         0.8         0.8 5.35641e-09
          90         0.8         0.8 5.32657e-09
          91         0.8         0.8 5.29722e-09
          92         0.8         0.8 5.26836e-09
          93         0.8         0.8 5.23996e-09
          94         0.8         0.8 5.21201e-09
          95         0.8         0.8 5.29601e-09
          96         0.8         0.8 5.26836e-09
          97         0.8         0.8 5.24113e-09
          98         0.8         0.8 5.21432e-09
          99         0.8         0.8 5.18792e-09
         100         0.8         0.8 5.16191e-09
         101         0.8         0.8  5.1363e-09
         102         0.8         0.8 5.11106e-09
         103         0.8         0.8 5.29387e-09
         104         0.8         0.8 5.26836e-09
         105         0.8         0.8 5.24321e-09
         106         0.8         0.8 5.21842e-09
         107         0.8         0.8 5.19398e-09
         108         0.8         0.8 5.16987e-09
         109         0.8         0.8  5.1461e-09
         110         0.8         0.8 5.12266e-09
         111         0.8         0.8 5.09953e-09
         112         0.8         0.8 5.17342e-09
         113         0.8         0.8 5.15048e-09
         114         0.8         0.8 5.12784e-09
         115         0.8         0.8  5.1055e-09
         116         0.8         0.8 5.08344e-09
         117         0.8         0.8 5.06167e-09
         118         0.8         0.8 5.04018e-09
         119         0.8         0.8 5.01896e-09
         120         0.8         0.8   4.998e-09
         121         0.8         0.8 4.97731e-09
         122         0.8         0.8 5.13717e-09
         123         0.8         0.8 5.11625e-09
         124         0.8         0.8 5.09558e-09
         125         0.8         0.8 5.07515e-09
         126         0.8         0.8 5.05497e-09
         127         0.8         0.8 5.03503e-09
         128         0.8         0.8 5.01533e-09
         129         0.8         0.8 4.99585e-09
         130         0.8         0.8  4.9766e-09
         131         0.8         0.8 4.95757e-09
         132         0.8         0.8 4.93875e-09
         133         0.8         0.8 4.92015e-09
         134         0.8         0.8 4.90176e-09
         135         0.8         0.8 5.04916e-09
         136         0.8         0.8 5.03056e-09
         137         0.8         0.8 5.01217e-09
         138         0.8         0.8 4.99398e-09
         139         0.8         0.8 4.97598e-09
         140         0.8         0.8 4.95818e-09
         141         0.8         0.8 4.94056e-09
         142         0.8         0.8 4.92314e-09
         143         0.8         0.8 4.90589e-09
         144         0.8         0.8 4.88883e-09
         145         0.8         0.8 4.87194e-09
         146         0.8         0.8 4.85523e-09
         147         0.8         0.8 4.83868e-09
         148         0.8         0.8 4.82231e-09
         149         0.8         0.8  4.8061e-09
         150         0.8         0.8 4.79005e-09
         151         0.8         0.8 4.85056e-09
         152         0.8         0.8 4.83458e-09
         153         0.8         0.8 4.81875e-09
         154         0.8         0.8 4.80308e-09
         155         0.8         0.8 4.78756e-09
         156         0.8         0.8 4.77219e-09
         157         0.8         0.8 4.75697e-09
         158         0.8         0.8 4.74189e-09
         159         0.8         0.8 4.72696e-09
         160         0.8         0.8 4.71216e-09
         161         0.8         0.8 4.62352e-09
         162         0.8         0.8 4.60923e-09
         163         0.8         0.8 4.44437e-09
         164         0.8         0.8 4.27529e-09
         165         0.8         0.8 4.18263e-09
         166         0.8         0.8 4.17002e-09
         167         0.8         0.8 3.99441e-09
         168         0.8         0.8 3.89865e-09
         169         0.8         0.8  3.8871e-09
         170         0.8         0.8 3.70331e-09
         171         0.8         0.8 3.51224e-09
         172         0.8         0.8 3.50201e-09
         173         0.8         0.8 3.39874e-09
         174         0.8         0.8 3.19514e-09
         175         0.8         0.8   3.186e-09
         176         0.8         0.8 3.07606e-09
         177         0.8         0.8 2.85555e-09
         178         0.8         0.8 2.84752e-09
         179         0.8         0.8 2.61201e-09
         180         0.8         0.8 2.60474e-09
         181         0.8         0.8 2.47666e-09
         182         0.8         0.8  2.2091e-09
         183         0.8         0.8 2.20305e-09
         184         0.8         0.8 2.05516e-09
         185         0.8         0.8  2.0496e-09
         186         0.8         0.8 1.72756e-09
         187         0.8         0.8 1.72294e-09
         188         0.8         0.8 1.33103e-09
         189         0.8         0.8  1.3275e-09
         190         0.8         0.8 1.08104e-09
         191         0.8         0.8 1.07821e-09
         192         0.8         0.8           0
         193         0.8         0.8 7.58449e-10
         194         0.8         0.8 7.56492e-10
         195         0.8         0.8 1.30692e-09
         196         0.8         0.8 1.30358e-09
         197         0.8         0.8 1.67864e-09
         198         0.8         0.8 1.67439e-09
         199         0.8         0.8 1.82959e-09
         200         0.8         0.8 1.82501e-09
         201         0.8         0.8 1.96633e-09
         202         0.8         0.8 2.34439e-09
         203         0.8         0.8 2.33861e-09
         204         0.8         0.8 2.55553e-09
         205         0.8         0.8 2.54929e-09
         206         0.8         0.8 2.84326e-09
         207         0.8         0.8 2.92941e-09
         208         0.8         0.8 3.09963e-09
         209         0.8         0.8 3.17694e-09
         210         0.8         0.8  3.2517e-09
         211         0.8         0.8  3.3241e-09
         212         0.8         0.8 3.31625e-09
         213         0.8         0.8 3.53688e-09
         214         0.8         0.8 3.60137e-09
         215         0.8         0.8 3.66414e-09
         216         0.8         0.8 3.72529e-09
         217         0.8         0.8 3.85189e-09
         218         0.8         0.8 3.90875e-09
         219         0.8         0.8 3.89981e-09
         220         0.8         0.8 4.08085e-09
         221         0.8         0.8 4.07161e-09
         222         0.8         0.8 4.18372e-09
         223         0.8         0.8 4.17433e-09
         224         0.8         0.8 4.22408e-09
         225         0.8         0.8 4.33018e-09
         226         0.8         0.8 4.37707e-09
         227         0.8         0.8 4.36742e-09
         228         0.8         0.8 4.46817e-09
         229         0.8         0.8  4.4584e-09
         230         0.8         0.8 4.60858e-09
         231         0.8         0.8  4.5986e-09
         232         0.8         0.8 4.64053e-09
         233         0.8         0.8 4.73234e-09
         234         0.8         0.8 4.77219e-09
         235         0.8         0.8 4.76203e-09
         236         0.8         0.8 4.84991e-09
         237         0.8         0.8 4.83967e-09
         238         0.8         0.8 4.87755e-09
         239         0.8         0.8 4.96186e-09
         240         0.8         0.8 4.95151e-09
         241         0.8         0.8 4.98762e-09
         242         0.8         0.8 5.02318e-09
         243         0.8         0.8  5.0582e-09
         244         0.8         0.8 5.04782e-09
         245         0.8         0.8 5.17068e-09
         246         0.8         0.8 5.16016e-09
         247         0.8         0.8 5.14971e-09
         248         0.8         0.8 5.26836e-09
         249         0.8         0.8 5.25777e-09
         250         0.8         0.8 5.28939e-09
         251         0.8         0.8 5.32057e-09
         252         0.8         0.8    5.31e-09
         253         0.8         0.8 5.34074e-09
         254         0.8         0.8 5.33022e-09
         255         0.8         0.8 5.44113e-09
         256         0.8         0.8  5.4305e-09
         257         0.8         0.8 5.41992e-09
         258         0.8         0.8 5.48838e-09
         259         0.8         0.8 5.47778e-09
         260         0.8         0.8 5.50614e-09
         261         0.8         0.8 5.49559e-09
         262         0.8         0.8 5.56181e-09
         263         0.8         0.8 5.58912e-09
         264         0.8         0.8 5.57852e-09
         265         0.8         0.8 5.64273e-09
         266         0.8         0.8 5.66904e-09
         267         0.8         0.8 5.65842e-09
         268         0.8         0.8 5.64785e-09
         269         0.8         0.8 5.71008e-09
         270         0.8         0.8  5.6995e-09
         271         0.8         0.8 5.68897e-09
         272         0.8         0.8 5.71433e-09
         273         0.8         0.8 5.77472e-09
         274         0.8         0.8 5.79921e-09
         275         0.8         0.8 5.78866e-09
         276         0.8         0.8 5.77816e-09
         277         0.8         0.8  5.8368e-09
         278         0.8         0.8 5.82629e-09
         279         0.8         0.8 5.81584e-09
         280         0.8         0.8 5.80545e-09
         281         0.8         0.8 5.89649e-09
         282         0.8         0.8 5.88602e-09
         283         0.8         0.8 5.87561e-09
         284         0.8         0.8 5.89849e-09
         285         0.8         0.8 5.95393e-09
         286         0.8         0.8 5.94351e-09
         287         0.8         0.8 5.96565e-09
         288         0.8         0.8 5.95529e-09
         289         0.8         0.8  5.9772e-09
         290         0.8         0.8 5.99888e-09
         291         0.8         0.8 5.98856e-09
         292         0.8         0.8  5.9783e-09
         293         0.8         0.8 5.99975e-09
         294         0.8         0.8 6.05226e-09
         295         0.8         0.8 6.04199e-09
         296         0.8         0.8 6.03177e-09
         297         0.8         0.8 6.05257e-09
         298         0.8         0.8 6.07316e-09
         299         0.8         0.8 6.06299e-09
         300         0.8         0.8 6.08337e-09
         301         0.8         0.8 6.07326e-09
         302         0.8         0.8  6.0632e-09
         303         0.8         0.8 6.11342e-09
         304         0.8         0.8  6.1332e-09
         305         0.8         0.8 6.12313e-09
         306         0.8         0.8 6.11312e-09
         307         0.8         0.8 6.10316e-09
         308         0.8         0.8 6.18134e-09
         309         0.8         0.8 6.17133e-09
         310         0.8         0.8 6.16137e-09
         311         0.8         0.8  6.1804e-09
         312         0.8         0.8 6.17049e-09
         313         0.8         0.8 6.18935e-09
         314         0.8         0.8 6.17948e-09
         315         0.8         0.8 6.19816e-09
         316         0.8         0.8 6.18835e-09
         317         0.8         0.8 6.17858e-09
         318         0.8         0.8  6.2252e-09
         319         0.8         0.8 6.24337e-09
         320         0.8         0.8  6.1777e-09
         321         0.8         0.8 6.16806e-09
         322         0.8         0.8 6.21421e-09
         323         0.8         0.8 6.23222e-09
         324         0.8         0.8  6.2226e-09
         325         0.8         0.8 6.21302e-09
         326         0.8         0.8 6.20348e-09
         327         0.8         0.8 6.22134e-09
         328         0.8         0.8 6.23903e-09
         329         0.8         0.8 6.22954e-09
         330         0.8         0.8  6.2201e-09
         331         0.8         0.8 6.21069e-09
         332         0.8         0.8 6.22824e-09
         333         0.8         0.8 6.27226e-09
         334         0.8         0.8 6.26286e-09
         335         0.8         0.8 6.25351e-09
         336         0.8         0.8  6.2706e-09
         337         0.8         0.8 6.26129e-09
         338         0.8         0.8 6.25202e-09
         339         0.8         0.8 6.29503e-09
         340         0.8         0.8 6.28577e-09
         341         0.8         0.8 6.30243e-09
         342         0.8         0.8 6.29321e-09
         343         0.8         0.8 6.28403e-09
         344         0.8         0.8 6.27489e-09
         345         0.8         0.8 6.31694e-09
         346         0.8         0.8  6.3078e-09
         347         0.8         0.8  6.2987e-09
         348         0.8         0.8 6.28965e-09
         349         0.8         0.8 6.28063e-09
         350         0.8         0.8 6.29689e-09
         351         0.8         0.8 6.33802e-09
         352         0.8         0.8 6.32901e-09
         353         0.8         0.8 6.32004e-09
         354         0.8         0.8  6.3111e-09
         355         0.8         0.8 6.32697e-09
         356         0.8         0.8 6.31808e-09
         357         0.8         0.8 6.33382e-09
         358         0.8         0.8 6.32497e-09
         359         0.8         0.8 6.31615e-09
         360         0.8         0.8 6.33178e-09
         361         0.8         0.8   6.323e-09
         362         0.8         0.8 6.31426e-09
         363         0.8         0.8 6.30556e-09
         364         0.8         0.8 6.34514e-09
         365         0.8         0.8  6.3604e-09
         366         0.8         0.8 6.35171e-09
         367         0.8         0.8 6.34305e-09
         368         0.8         0.8 6.33442e-09
         369         0.8         0.8 6.32583e-09
         370         0.8         0.8 6.34098e-09
         371         0.8         0.8 6.37951e-09
         372         0.8         0.8 6.37093e-09
         373         0.8         0.8 6.36239e-09
         374         0.8         0.8 6.35388e-09
         375         0.8         0.8  6.3454e-09
         376         0.8         0.8 6.36021e-09
         377         0.8         0.8 6.35177e-09
         378         0.8         0.8 6.36647e-09
         379         0.8         0.8 6.35807e-09
         380         0.8         0.8 6.34969e-09
         381         0.8         0.8 6.34136e-09
         382         0.8         0.8 6.35596e-09
         383         0.8         0.8 6.34765e-09
         384         0.8         0.8 6.33938e-09
         385         0.8         0.8 6.33114e-09
         386         0.8         0.8 6.36826e-09
         387         0.8         0.8 6.38254e-09
         388         0.8         0.8 6.37431e-09
         389         0.8         0.8 6.36612e-09
         390         0.8         0.8 6.35795e-09
         391         0.8         0.8 6.34981e-09
         392         0.8         0.8 6.34171e-09
         393         0.8         0.8  6.3559e-09
         394         0.8         0.8 6.36998e-09
         395         0.8         0.8 6.36191e-09
         396         0.8         0.8 6.35388e-09
         397         0.8         0.8 6.34587e-09
         398         0.8         0.8 6.33789e-09
         399         0.8         0.8 6.32994e-09
         400         0.8         0.8 6.34394e-09
         401         0.8         0.8 6.31414e-09
         402         0.8         0.8 6.34992e-09
         403         0.8         0.8 6.34204e-09
         404         0.8         0.8 6.35584e-09
         405         0.8         0.8 6.34799e-09
         406         0.8         0.8 6.34017e-09
         407         0.8         0.8 6.33237e-09
         408         0.8         0.8 6.32461e-09
         409         0.8         0.8 6.31687e-09
         410         0.8         0.8 6.37322e-09
         411         0.8         0.8 6.36546e-09
         412         0.8         0.8 6.35773e-09
         413         0.8         0.8 6.35003e-09
         414         0.8         0.8 6.34236e-09
         415         0.8         0.8 6.33471e-09
         416         0.8         0.8 6.32709e-09
         417         0.8         0.8 6.34053e-09
         418         0.8         0.8 6.33294e-09
         419         0.8         0.8 6.34629e-09
         420         0.8         0.8 6.33873e-09
         421         0.8         0.8  6.3312e-09
         422         0.8         0.8 6.32369e-09
         423         0.8         0.8 6.31621e-09
         424         0.8         0.8 6.32948e-09
         425         0.8         0.8 6.32203e-09
         426         0.8         0.8  6.3146e-09
         427         0.8         0.8  6.3072e-09
         428         0.8         0.8 6.34087e-09
         429         0.8         0.8 6.33348e-09
         430         0.8         0.8 6.32611e-09
         431         0.8         0.8 6.33912e-09
         432         0.8         0.8 6.33178e-09
         433         0.8         0.8 6.32446e-09
         434         0.8         0.8 6.31717e-09
         435         0.8         0.8  6.3099e-09
         436         0.8         0.8 6.30266e-09
         437         0.8         0.8 6.29545e-09
         438         0.8         0.8 6.32844e-09
         439         0.8         0.8 6.32123e-09
         440         0.8         0.8 6.31404e-09
         441         0.8         0.8 6.30688e-09
         442         0.8         0.8 6.29974e-09
         443         0.8         0.8 6.29262e-09
         444         0.8         0.8 6.28553e-09
         445         0.8         0.8 6.27847e-09
         446         0.8         0.8 6.29124e-09
         447         0.8         0.8  6.2842e-09
         448         0.8         0.8 6.31654e-09
         449         0.8         0.8  6.3095e-09
         450         0.8         0.8 6.30248e-09
         451         0.8         0.8 6.29549e-09
         452         0.8         0.8 6.28853e-09
         453         0.8         0.8 6.28158e-09
         454         0.8         0.8 6.29412e-09
         455         0.8         0.8 6.28719e-09
         456         0.8         0.8  6.2803e-09
         457         0.8         0.8 6.27342e-09
         458         0.8         0.8 6.30513e-09
         459         0.8         0.8 6.29826e-09
         460         0.8         0.8 6.29141e-09
         461         0.8         0.8 6.28458e-09
         462         0.8         0.8 6.29689e-09
         463         0.8         0.8 6.29009e-09
         464         0.8         0.8  6.2833e-09
         465         0.8         0.8 6.27654e-09
         466         0.8         0.8 6.26981e-09
         467         0.8         0.8 6.26309e-09
         468         0.8         0.8  6.2564e-09
         469         0.8         0.8 6.26863e-09
         470         0.8         0.8 6.28079e-09
         471         0.8         0.8 6.27412e-09
         472         0.8         0.8 6.26747e-09
         473         0.8         0.8 6.26084e-09
         474         0.8         0.8 6.25423e-09
         475         0.8         0.8 6.24765e-09
         476         0.8         0.8 6.24108e-09
         477         0.8         0.8 6.23454e-09
         478         0.8         0.8 6.22801e-09
         479         0.8         0.8 6.24011e-09
         480         0.8         0.8  6.2336e-09
         481         0.8         0.8 6.26408e-09
         482         0.8         0.8 6.25757e-09
         483         0.8         0.8 6.25109e-09
         484         0.8         0.8 6.24463e-09
         485         0.8         0.8 6.23819e-09
         486         0.8         0.8 6.23177e-09
         487         0.8         0.8 6.22537e-09
         488         0.8         0.8 6.23725e-09
         489         0.8         0.8 6.23087e-09
         490         0.8         0.8 6.22451e-09
         491         0.8         0.8 6.21817e-09
         492         0.8         0.8 6.21185e-09
         493         0.8         0.8 6.22366e-09
         494         0.8         0.8 6.21736e-09
         495         0.8         0.8 6.21107e-09
         496         0.8         0.8 6.20481e-09
         497         0.8         0.8 6.19856e-09
         498         0.8         0.8 6.21031e-09
         499         0.8         0.8 6.20409e-09
         500         0.8         0.8 6.19788e-09
         501         0.8         0.8 6.19169e-09
         502         0.8         0.8 6.18552e-09
         503         0.8         0.8 6.17937e-09
         504         0.8         0.8 6.17324e-09
         505         0.8         0.8 6.16712e-09
         506         0.8         0.8 6.19653e-09
         507         0.8         0.8 6.20808e-09
         508         0.8         0.8 6.20197e-09
         509         0.8         0.8 6.19587e-09
         510         0.8         0.8  6.1898e-09
         511         0.8         0.8 6.18374e-09
         512         0.8         0.8  6.1777e-09
         513         0.8         0.8 6.17167e-09
         514         0.8         0.8 6.16566e-09
         515         0.8         0.8 6.15968e-09
         516         0.8         0.8  6.1537e-09
         517         0.8         0.8 6.14775e-09
         518         0.8         0.8 6.15924e-09
         519         0.8         0.8 6.18797e-09
         520         0.8         0.8 6.18201e-09
         521         0.8         0.8 6.17608e-09
         522         0.8         0.8 6.17016e-09
         523         0.8         0.8 6.16426e-09
         524         0.8         0.8 6.15837e-09
         525         0.8         0.8 6.15251e-09
         526         0.8         0.8 6.14665e-09
         527         0.8         0.8 6.14082e-09
         528         0.8         0.8 6.15211e-09
         529         0.8         0.8  6.1463e-09
         530         0.8         0.8  6.1405e-09
         531         0.8         0.8 6.13471e-09
         532         0.8         0.8 6.12894e-09
         533         0.8         0.8 6.12319e-09
         534         0.8         0.8 6.13442e-09
         535         0.8         0.8 6.12869e-09
         536         0.8         0.8 6.12297e-09
         537         0.8         0.8 6.11726e-09
         538         0.8         0.8 6.11158e-09
         539         0.8         0.8 6.12275e-09
         540         0.8         0.8 6.11708e-09
         541         0.8         0.8 6.11142e-09
         542         0.8         0.8 6.10578e-09
         543         0.8         0.8 6.10016e-09
         544         0.8         0.8 6.09455e-09
         545         0.8         0.8 6.08895e-09
         546         0.8         0.8 6.08337e-09
         547         0.8         0.8 6.07781e-09
         548         0.8         0.8 6.07226e-09
         549         0.8         0.8 6.09997e-09
         550         0.8         0.8 6.09442e-09
         551         0.8         0.8 6.10541e-09
         552         0.8         0.8 6.09988e-09
         553         0.8         0.8 6.09436e-09
         554         0.8         0.8 6.08886e-09
         555         0.8         0.8 6.08337e-09
         556         0.8         0.8  6.0779e-09
         557         0.8         0.8 6.07244e-09
         558         0.8         0.8   6.067e-09
         559         0.8         0.8 6.06157e-09
         560         0.8         0.8 6.05615e-09
         561         0.8         0.8 6.05075e-09
         562         0.8         0.8 6.04537e-09
         563         0.8         0.8  6.0563e-09
         564         0.8         0.8 6.06717e-09
         565         0.8         0.8  6.0618e-09
         566         0.8         0.8 6.05644e-09
         567         0.8         0.8  6.0511e-09
         568         0.8         0.8 6.04577e-09
         569         0.8         0.8 6.04046e-09
         570         0.8         0.8 6.03516e-09
         571         0.8         0.8 6.02987e-09
         572         0.8         0.8  6.0246e-09
         573         0.8         0.8 6.01934e-09
         574         0.8         0.8 6.01409e-09
         575         0.8         0.8 6.00886e-09
         576         0.8         0.8 6.01967e-09
         577         0.8         0.8 6.01445e-09
         578         0.8         0.8 6.00925e-09
         579         0.8         0.8 6.00406e-09
         580         0.8         0.8 5.99888e-09
         581         0.8         0.8 6.02551e-09
         582         0.8         0.8 6.02033e-09
         583         0.8         0.8 6.01517e-09
         584         0.8         0.8 6.01001e-09
         585         0.8         0.8 6.00488e-09
         586         0.8         0.8 5.99975e-09
         587         0.8         0.8 5.99464e-09
         588         0.8         0.8 5.98954e-09
         589         0.8         0.8 6.00018e-09
         590         0.8         0.8 5.99509e-09
         591         0.8         0.8 5.99002e-09
         592         0.8         0.8 5.98496e-09
         593         0.8         0.8 5.97991e-09
         594         0.8         0.8 5.97487e-09
         595         0.8         0.8 5.96985e-09
         596         0.8         0.8 5.96484e-09
         597         0.8         0.8 5.95984e-09
         598         0.8         0.8 5.95486e-09
         599         0.8         0.8 5.98095e-09
         600         0.8         0.8 5.97597e-09
         601         0.8         0.8 5.97099e-09
         602         0.8         0.8 5.96603e-09
         603         0.8         0.8 5.97651e-09
         604         0.8         0.8 5.97156e-09
         605         0.8         0.8 5.96662e-09
         606         0.8         0.8 5.96169e-09
         607         0.8         0.8 5.95678e-09
         608         0.8         0.8 5.95188e-09
         609         0.8         0.8 5.94699e-09
         610         0.8         0.8 5.94212e-09
         611         0.8         0.8 5.93725e-09
         612         0.8         0.8  5.9324e-09
         613         0.8         0.8 5.92756e-09
         614         0.8         0.8 5.92273e-09
         615         0.8         0.8 5.91791e-09
         616         0.8         0.8 5.91311e-09
         617         0.8         0.8 5.92352e-09
         618         0.8         0.8 5.93388e-09
         619         0.8         0.8 5.92909e-09
         620         0.8         0.8  5.9243e-09
         621         0.8         0.8 5.91953e-09
         622         0.8         0.8 5.91477e-09
         623         0.8         0.8 5.91002e-09
         624         0.8         0.8 5.90528e-09
         625         0.8         0.8 5.90056e-09
         626         0.8         0.8 5.89584e-09
         627         0.8         0.8 5.89114e-09
         628         0.8         0.8 5.88645e-09
         629         0.8         0.8 5.88177e-09
         630         0.8         0.8  5.8771e-09
         631         0.8         0.8 5.87244e-09
         632         0.8         0.8 5.86779e-09
         633         0.8         0.8 5.87809e-09
         634         0.8         0.8 5.87345e-09
         635         0.8         0.8 5.86883e-09
         636         0.8         0.8 5.86421e-09
         637         0.8         0.8 5.85961e-09
         638         0.8         0.8 5.88466e-09
         639         0.8         0.8 5.88005e-09
         640         0.8         0.8 5.87546e-09
         641         0.8         0.8  5.8413e-09
         642         0.8         0.8 5.82191e-09
         643         0.8         0.8 5.78763e-09
         644         0.8         0.8 5.78313e-09
         645         0.8         0.8 5.74878e-09
         646         0.8         0.8 5.72935e-09
         647         0.8         0.8 5.69487e-09
         648         0.8         0.8 5.69047e-09
         649         0.8         0.8 5.68609e-09
         650         0.8         0.8 5.65157e-09
         651         0.8         0.8 5.61695e-09
         652         0.8         0.8 5.61264e-09
         653         0.8         0.8 5.59316e-09
         654         0.8         0.8 5.55843e-09
         655         0.8         0.8 5.55418e-09
         656         0.8         0.8 5.53468e-09
         657         0.8         0.8 5.49983e-09
         658         0.8         0.8 5.46486e-09
         659         0.8         0.8 5.46071e-09
         660         0.8         0.8 5.44113e-09
         661         0.8         0.8 5.40604e-09
         662         0.8         0.8 5.40195e-09
         663         0.8         0.8 5.38234e-09
         664         0.8         0.8 5.34711e-09
         665         0.8         0.8 5.32744e-09
         666         0.8         0.8 5.32344e-09
         667         0.8         0.8 5.30378e-09
         668         0.8         0.8 5.26836e-09
         669         0.8         0.8 5.26442e-09
         670         0.8         0.8 5.24471e-09
         671         0.8         0.8 5.20914e-09
         672         0.8         0.8 5.20526e-09
         673         0.8         0.8 5.16958e-09
         674         0.8         0.8 5.14977e-09
         675         0.8         0.8 5.14596e-09
         676         0.8         0.8 5.11011e-09
         677         0.8         0.8 5.09025e-09
         678         0.8         0.8  5.0865e-09
         679         0.8         0.8 5.05048e-09
         680         0.8         0.8 5.01431e-09
         681         0.8         0.8 5.01063e-09
         682         0.8         0.8 4.99067e-09
         683         0.8         0.8 4.97069e-09
         684         0.8         0.8 4.96705e-09
         685         0.8         0.8 4.94707e-09
         686         0.8         0.8 4.91062e-09
         687         0.8         0.8 4.90704e-09
         688         0.8         0.8 4.87046e-09
         689         0.8         0.8 4.85034e-09
         690         0.8         0.8 4.84682e-09
         691         0.8         0.8 4.81003e-09
         692         0.8         0.8 4.78983e-09
         693         0.8         0.8 4.78637e-09
         694         0.8         0.8 4.74936e-09
         695         0.8         0.8 4.71216e-09
         696         0.8         0.8 4.70877e-09
         697         0.8         0.8 4.68844e-09
         698         0.8         0.8 4.68508e-09
         699         0.8         0.8 4.64768e-09
         700         0.8         0.8 4.62725e-09
         701         0.8         0.8 4.62395e-09
         702         0.8         0.8 4.60351e-09
         703         0.8         0.8 4.56577e-09
         704         0.8         0.8 4.56253e-09
         705         0.8         0.8 4.54199e-09
         706         0.8         0.8 4.53877e-09
         707         0.8         0.8 4.50081e-09
         708         0.8         0.8 4.48016e-09
         709         0.8         0.8   4.477e-09
         710         0.8         0.8 4.43876e-09
         711         0.8         0.8 4.43563e-09
         712         0.8         0.8  4.3972e-09
         713         0.8         0.8 4.37636e-09
         714         0.8         0.8 4.37329e-09
         715         0.8         0.8 4.33456e-09
         716         0.8         0.8 4.31359e-09
         717         0.8         0.8 4.31058e-09
         718         0.8         0.8 4.27153e-09
         719         0.8         0.8 4.26856e-09
         720         0.8         0.8 4.22929e-09
         721         0.8         0.8  4.2081e-09
         722         0.8         0.8 4.22343e-09
         723         0.8         0.8 4.18397e-09
         724         0.8         0.8 4.18108e-09
         725         0.8         0.8 4.15983e-09
         726         0.8         0.8 4.15696e-09
         727         0.8         0.8 4.11718e-09
         728         0.8         0.8 4.07711e-09
         729         0.8         0.8 4.07431e-09
         730         0.8         0.8  4.0528e-09
         731         0.8         0.8 4.05003e-09
         732         0.8         0.8 4.00961e-09
         733         0.8         0.8 3.98793e-09
         734         0.8         0.8 3.98521e-09
         735         0.8         0.8 3.94439e-09
         736         0.8         0.8 3.94171e-09
         737         0.8         0.8 3.90061e-09
         738         0.8         0.8 3.89796e-09
         739         0.8         0.8 3.87599e-09
         740         0.8         0.8 3.87337e-09
         741         0.8         0.8 3.83185e-09
         742         0.8         0.8 3.80968e-09
         743         0.8         0.8 3.82669e-09
         744         0.8         0.8  3.7849e-09
         745         0.8         0.8 3.78236e-09
         746         0.8         0.8 3.74024e-09
         747         0.8         0.8 3.73774e-09
         748         0.8         0.8 3.71532e-09
         749         0.8         0.8 3.71284e-09
         750         0.8         0.8 3.67025e-09
         751         0.8         0.8 3.64759e-09
         752         0.8         0.8 3.64517e-09
         753         0.8         0.8 3.60204e-09
         754         0.8         0.8 3.59965e-09
         755         0.8         0.8 3.55616e-09
         756         0.8         0.8  3.5538e-09
         757         0.8         0.8 3.53075e-09
         758         0.8         0.8 3.52842e-09
         759         0.8         0.8 3.48436e-09
         760         0.8         0.8 3.48207e-09
         761         0.8         0.8 3.45875e-09
         762         0.8         0.8 3.41407e-09
         763         0.8         0.8 3.41183e-09
         764         0.8         0.8 3.36671e-09
         765         0.8         0.8 3.38601e-09
         766         0.8         0.8 3.36231e-09
         767         0.8         0.8 3.36012e-09
         768         0.8         0.8  3.3146e-09
         769         0.8         0.8 3.31245e-09
         770         0.8         0.8 3.28844e-09
         771         0.8         0.8 3.28631e-09
         772         0.8         0.8  3.2401e-09
         773         0.8         0.8   3.238e-09
         774         0.8         0.8 3.19127e-09
         775         0.8         0.8 3.18921e-09
         776         0.8         0.8 3.16463e-09
         777         0.8         0.8  3.1626e-09
         778         0.8         0.8 3.11508e-09
         779         0.8         0.8 3.11308e-09
         780         0.8         0.8 3.08813e-09
         781         0.8         0.8 3.08615e-09
         782         0.8         0.8 3.03779e-09
         783         0.8         0.8 3.03585e-09
         784         0.8         0.8 2.98688e-09
         785         0.8         0.8 2.98497e-09
         786         0.8         0.8  2.9593e-09
         787         0.8         0.8 2.95742e-09
         788         0.8         0.8 2.93161e-09
         789         0.8         0.8 2.92976e-09
         790         0.8         0.8  2.9038e-09
         791         0.8         0.8 2.90197e-09
         792         0.8         0.8 2.85139e-09
         793         0.8         0.8 2.84959e-09
         794         0.8         0.8 2.79827e-09
         795         0.8         0.8  2.7965e-09
         796         0.8         0.8 2.76968e-09
         797         0.8         0.8 2.76794e-09
         798         0.8         0.8 2.71545e-09
         799         0.8         0.8 2.71375e-09
         800         0.8         0.8 2.68635e-09
         801         0.8         0.8 2.68467e-09
         802         0.8         0.8 2.63089e-09
         803         0.8         0.8 2.62925e-09
         804         0.8         0.8 2.57453e-09
         805         0.8         0.8 2.57293e-09
         806         0.8         0.8 2.54441e-09
         807         0.8         0.8 2.54283e-09
         808         0.8         0.8  2.4866e-09
         809         0.8         0.8 2.48506e-09
         810         0.8         0.8 2.48353e-09
         811         0.8         0.8 2.45426e-09
         812         0.8         0.8 2.45275e-09
         813         0.8         0.8 2.42323e-09
         814         0.8         0.8 2.42174e-09
         815         0.8         0.8  2.3633e-09
         816         0.8         0.8 2.36185e-09
         817         0.8         0.8 2.33144e-09
         818         0.8         0.8 2.33001e-09
         819         0.8         0.8 2.26963e-09
         820         0.8         0.8 2.26825e-09
         821         0.8         0.8 2.23684e-09
         822         0.8         0.8 2.23548e-09
         823         0.8         0.8 2.23412e-09
         824         0.8         0.8 2.17158e-09
         825         0.8         0.8 2.17026e-09
         826         0.8         0.8 2.10607e-09
         827         0.8         0.8 2.10479e-09
         828         0.8         0.8  2.0714e-09
         829         0.8         0.8 2.07015e-09
         830         0.8         0.8 2.00321e-09
         831         0.8         0.8 2.00201e-09
         832         0.8         0.8 1.96717e-09
         833         0.8         0.8 1.96599e-09
         834         0.8         0.8 1.96481e-09
         835         0.8         0.8 1.89471e-09
         836         0.8         0.8 1.89358e-09
         837         0.8         0.8 1.82101e-09
         838         0.8         0.8 1.81992e-09
         839         0.8         0.8 1.78209e-09
         840         0.8         0.8 1.81776e-09
         841         0.8         0.8 1.74249e-09
         842         0.8         0.8 1.74146e-09
         843         0.8         0.8 1.74042e-09
         844         0.8         0.8 1.70116e-09
         845         0.8         0.8 1.70015e-09
         846         0.8         0.8 1.62007e-09
         847         0.8         0.8 1.61912e-09
         848         0.8         0.8 1.53512e-09
         849         0.8         0.8 1.53422e-09
         850         0.8         0.8 1.53332e-09
         851         0.8         0.8 1.48924e-09
         852         0.8         0.8 1.48837e-09
         853         0.8         0.8 1.39726e-09
         854         0.8         0.8 1.39644e-09
         855         0.8         0.8  1.3483e-09
         856         0.8         0.8 1.34751e-09
         857         0.8         0.8 1.34672e-09
         858         0.8         0.8  1.2461e-09
         859         0.8         0.8 1.24537e-09
         860         0.8         0.8  1.1362e-09
         861         0.8         0.8 1.13554e-09
         862         0.8         0.8 1.13488e-09
         863         0.8         0.8 1.07602e-09
         864         0.8         0.8  1.0754e-09
         865         0.8         0.8 9.47864e-10
         866         0.8         0.8 9.47317e-10
         867         0.8         0.8  9.4677e-10
         868         0.8         0.8 9.46225e-10
         869         0.8         0.8  9.4568e-10
         870         0.8         0.8 7.98786e-10
         871         0.8         0.8 7.98327e-10
         872         0.8         0.8 6.18027e-10
         873         0.8         0.8 6.17673e-10
         874         0.8         0.8  6.1732e-10
         875         0.8         0.8 5.03751e-10
         876         0.8         0.8 5.03464e-10
         877         0.8         0.8           0
         878         0.8         0.8           0
         879         0.8         0.8           0
         880         0.8         0.8 3.55192e-10
         881         0.8         0.8 3.54991e-10
         882         0.8         0.8 6.14514e-10
         883         0.8         0.8 6.14165e-10
         884         0.8         0.8 6.13818e-10
         885         0.8         0.8 7.91988e-10
         886         0.8         0.8 7.91541e-10
         887         0.8         0.8   8.666e-10
         888         0.8         0.8 8.66112e-10
         889         0.8         0.8 8.65625e-10
         890         0.8         0.8 9.98976e-10
         891         0.8         0.8 9.98415e-10
         892         0.8         0.8 9.97856e-10
         893         0.8         0.8 1.05779e-09
         894         0.8         0.8  1.0572e-09
         895         0.8         0.8 1.16813e-09
         896         0.8         0.8 1.16747e-09
         897         0.8         0.8 1.16682e-09
         898         0.8         0.8 1.26776e-09
         899         0.8         0.8 1.21735e-09
         900         0.8         0.8 1.26636e-09
         901         0.8         0.8 1.26565e-09
         902         0.8         0.8 1.26495e-09
         903         0.8         0.8 1.35802e-09
         904         0.8         0.8 1.35727e-09
         905         0.8         0.8 1.35652e-09
         906         0.8         0.8 1.40024e-09
         907         0.8         0.8 1.39946e-09
         908         0.8         0.8 1.48354e-09
         909         0.8         0.8 1.48272e-09
         910         0.8         0.8 1.48191e-09
         911         0.8         0.8 1.56121e-09
         912         0.8         0.8 1.56035e-09
         913         0.8         0.8  1.5595e-09
         914         0.8         0.8 1.59714e-09
         915         0.8         0.8 1.59626e-09
         916         0.8         0.8 1.66963e-09
         917         0.8         0.8 1.66872e-09
         918         0.8         0.8 1.66781e-09
         919         0.8         0.8 1.70276e-09
         920         0.8         0.8 1.70183e-09
         921         0.8         0.8 1.70091e-09
         922         0.8         0.8  1.7694e-09
         923         0.8         0.8 1.76844e-09
         924         0.8         0.8 1.76749e-09
         925         0.8         0.8 1.83321e-09
         926         0.8         0.8 1.83222e-09
         927         0.8         0.8 1.86365e-09
         928         0.8         0.8 1.86265e-09
         929         0.8         0.8 1.86164e-09
         930         0.8         0.8 1.92373e-09
         931         0.8         0.8 1.89143e-09
         932         0.8         0.8 1.89042e-09
         933         0.8         0.8 1.92064e-09
         934         0.8         0.8 1.91961e-09
         935         0.8         0.8 1.91858e-09
         936         0.8         0.8 1.97845e-09
         937         0.8         0.8 1.97739e-09
         938         0.8         0.8 1.97634e-09
         939         0.8         0.8 2.03426e-09
         940         0.8         0.8 2.03318e-09
         941         0.8         0.8  2.0321e-09
         942         0.8         0.8 2.05983e-09
         943         0.8         0.8 2.05874e-09
         944         0.8         0.8 2.05764e-09
         945         0.8         0.8 2.11291e-09
         946         0.8         0.8 2.11179e-09
         947         0.8         0.8 2.13827e-09
         948         0.8         0.8 2.13714e-09
         949         0.8         0.8 2.13602e-09
         950         0.8         0.8 2.18895e-09
         951         0.8         0.8  2.1878e-09
         952         0.8         0.8 2.18665e-09
         953         0.8         0.8 2.23817e-09
         954         0.8         0.8   2.237e-09
         955         0.8         0.8 2.23582e-09
         956         0.8         0.8 2.26049e-09
         957         0.8         0.8 2.25931e-09
         958         0.8         0.8 2.25813e-09
         959         0.8         0.8 2.30768e-09
         960         0.8         0.8 2.30647e-09
         961         0.8         0.8 2.30527e-09
         962         0.8         0.8 2.32898e-09
         963         0.8         0.8 2.32777e-09
         964         0.8         0.8 2.32657e-09
         965         0.8         0.8 2.37432e-09
         966         0.8         0.8 2.37309e-09
         967         0.8         0.8 2.34754e-09
         968         0.8         0.8 2.39471e-09
         969         0.8         0.8 2.39347e-09
         970         0.8         0.8 2.39224e-09
         971         0.8         0.8  2.4148e-09
         972         0.8         0.8 2.41355e-09
         973         0.8         0.8 2.41231e-09
         974         0.8         0.8  2.4579e-09
         975         0.8         0.8 2.45664e-09
         976         0.8         0.8 2.45538e-09
         977         0.8         0.8 2.47716e-09
         978         0.8         0.8  2.4759e-09
         979         0.8         0.8 2.47463e-09
         980         0.8         0.8 2.47337e-09
         981         0.8         0.8 2.51747e-09
         982         0.8         0.8 2.51619e-09
         983         0.8         0.8 2.51491e-09
         984         0.8         0.8 2.55812e-09
         985         0.8         0.8 2.55682e-09
         986         0.8         0.8 2.55553e-09
         987         0.8         0.8 2.57616e-09
         988         0.8         0.8 2.57485e-09
         989         0.8         0.8 2.57355e-09
         990         0.8         0.8 2.61549e-09
         991         0.8         0.8 2.61417e-09
         992         0.8         0.8 2.61285e-09
         993         0.8         0.8 2.63285e-09
         994         0.8         0.8 2.63153e-09
         995         0.8         0.8  2.6302e-09
         996         0.8         0.8 2.67095e-09
         997         0.8         0.8 2.66961e-09
         998         0.8         0.8 2.66827e-09
         999         0.8         0.8 2.66693e-09
        1000         0.8         0.8 2.70693e-09
        1001         0.8         0.8 2.70558e-09
        1002         0.8         0.8 2.70423e-09
        1003         0.8         0.8 2.72328e-09
        1004         0.8         0.8 2.70153e-09
        1005         0.8         0.8 2.70019e-09
        1006         0.8         0.8 2.73943e-09
        1007         0.8         0.8 2.73807e-09
        1008         0.8         0.8 2.73671e-09
        1009         0.8         0.8  2.7554e-09
        1010         0.8         0.8 2.75403e-09
        1011         0.8         0.8 2.75267e-09
        1012         0.8         0.8 2.75131e-09
        1013         0.8         0.8 2.78952e-09
        1014         0.8         0.8 2.78814e-09
        1015         0.8         0.8 2.78677e-09
        1016         0.8         0.8 2.82436e-09
        1017         0.8         0.8 2.82297e-09
        1018         0.8         0.8 2.82158e-09
        1019         0.8         0.8 2.83945e-09
        1020         0.8         0.8 2.83806e-09
        1021         0.8         0.8 2.83667e-09
        1022         0.8         0.8 2.83528e-09
        1023         0.8         0.8 2.87193e-09
        1024         0.8         0.8 2.87053e-09
        1025         0.8         0.8 2.86913e-09
        1026         0.8         0.8 2.88653e-09
        1027         0.8         0.8 2.88513e-09
        1028         0.8         0.8 2.88373e-09
        1029         0.8         0.8 2.88232e-09
        1030         0.8         0.8  2.9181e-09
        1031         0.8         0.8 2.91668e-09
        1032         0.8         0.8 2.91527e-09
        1033         0.8         0.8 2.95051e-09
        1034         0.8         0.8 2.94909e-09
        1035         0.8         0.8 2.94766e-09
        1036         0.8         0.8 2.94624e-09
        1037         0.8         0.8 2.96294e-09
        1038         0.8         0.8 2.96151e-09
        1039         0.8         0.8 2.96009e-09
        1040         0.8         0.8 2.99453e-09
        1041         0.8         0.8 2.99309e-09
        1042         0.8         0.8 2.99165e-09
        1043         0.8         0.8 2.99022e-09
        1044         0.8         0.8 3.00652e-09
        1045         0.8         0.8 2.98735e-09
        1046         0.8         0.8 2.98593e-09
        1047         0.8         0.8 3.01982e-09
        1048         0.8         0.8 3.01838e-09
        1049         0.8         0.8 3.01694e-09
        1050         0.8         0.8  3.0155e-09
        1051         0.8         0.8 3.04891e-09
        1052         0.8         0.8 3.04746e-09
        1053         0.8         0.8 3.04602e-09
        1054         0.8         0.8 3.06182e-09
        1055         0.8         0.8 3.06037e-09
        1056         0.8         0.8 3.05892e-09
        1057         0.8         0.8 3.05747e-09
        1058         0.8         0.8 3.09017e-09
        1059         0.8         0.8 3.08871e-09
        1060         0.8         0.8 3.08726e-09
        1061         0.8         0.8  3.0858e-09
        1062         0.8         0.8 3.10125e-09
        1063         0.8         0.8 3.09979e-09
        1064         0.8         0.8 3.09833e-09
        1065         0.8         0.8 3.13036e-09
        1066         0.8         0.8 3.12889e-09
        1067         0.8         0.8 3.12742e-09
        1068         0.8         0.8 3.12596e-09
        1069         0.8         0.8 3.15756e-09
        1070         0.8         0.8 3.15609e-09
        1071         0.8         0.8 3.15461e-09
        1072         0.8         0.8 3.15314e-09
        1073         0.8         0.8 3.16804e-09
        1074         0.8         0.8 3.16657e-09
        1075         0.8         0.8  3.1651e-09
        1076         0.8         0.8 3.19607e-09
        1077         0.8         0.8 3.19459e-09
        1078         0.8         0.8 3.19311e-09
        1079         0.8         0.8 3.19163e-09
        1080         0.8         0.8 3.20622e-09
        1081         0.8         0.8 3.20474e-09
        1082         0.8         0.8 3.20325e-09
        1083         0.8         0.8 3.20178e-09
        1084         0.8         0.8 3.23214e-09
        1085         0.8         0.8 3.23065e-09
        1086         0.8         0.8 3.22917e-09
        1087         0.8         0.8 3.22768e-09
        1088         0.8         0.8 3.25767e-09
        1089         0.8         0.8 3.25618e-09
        1090         0.8         0.8   3.239e-09
        1091         0.8         0.8 3.23751e-09
        1092         0.8         0.8  3.2517e-09
        1093         0.8         0.8 3.25021e-09
        1094         0.8         0.8 3.24873e-09
        1095         0.8         0.8 3.27832e-09
        1096         0.8         0.8 3.27682e-09
        1097         0.8         0.8 3.27533e-09
        1098         0.8         0.8 3.27384e-09
        1099         0.8         0.8 3.28775e-09
        1100         0.8         0.8 3.28625e-09
        1101         0.8         0.8 3.28476e-09
        1102         0.8         0.8 3.28327e-09
        1103         0.8         0.8 3.31231e-09
        1104         0.8         0.8 3.31081e-09
        1105         0.8         0.8 3.30931e-09
        1106         0.8         0.8 3.30781e-09
        1107         0.8         0.8 3.33651e-09
        1108         0.8         0.8 3.33501e-09
        1109         0.8         0.8  3.3335e-09
        1110         0.8         0.8   3.332e-09
        1111         0.8         0.8 3.34547e-09
        1112         0.8         0.8 3.34397e-09
        1113         0.8         0.8 3.34246e-09
        1114         0.8         0.8 3.34096e-09
        1115         0.8         0.8 3.36915e-09
        1116         0.8         0.8 3.36764e-09
        1117         0.8         0.8 3.36613e-09
        1118         0.8         0.8 3.36462e-09
        1119         0.8         0.8 3.37784e-09
        1120         0.8         0.8 3.37633e-09
        1121         0.8         0.8 3.37482e-09
        1122         0.8         0.8 3.37332e-09
        1123         0.8         0.8 3.40101e-09
        1124         0.8         0.8  3.3995e-09
        1125         0.8         0.8 3.39799e-09
        1126         0.8         0.8 3.39648e-09
        1127         0.8         0.8 3.42387e-09
        1128         0.8         0.8 3.42235e-09
        1129         0.8         0.8 3.42083e-09
        1130         0.8         0.8 3.41932e-09
        1131         0.8         0.8 3.41781e-09
        1132         0.8         0.8 3.43062e-09
        1133         0.8         0.8  3.4291e-09
        1134         0.8         0.8 3.42759e-09
        1135         0.8         0.8 3.42608e-09
        1136         0.8         0.8 3.45299e-09
        1137         0.8         0.8 3.45148e-09
        1138         0.8         0.8 3.43579e-09
        1139         0.8         0.8 3.43428e-09
        1140         0.8         0.8 3.44693e-09
        1141         0.8         0.8 3.44542e-09
        1142         0.8         0.8 3.44391e-09
        1143         0.8         0.8  3.4424e-09
        1144         0.8         0.8 3.46899e-09
        1145         0.8         0.8 3.46747e-09
        1146         0.8         0.8 3.46596e-09
        1147         0.8         0.8 3.46445e-09
        1148         0.8         0.8 3.49076e-09
        1149         0.8         0.8 3.48924e-09
        1150         0.8         0.8 3.48772e-09
        1151         0.8         0.8  3.4862e-09
        1152         0.8         0.8 3.48469e-09
        1153         0.8         0.8 3.49697e-09
        1154         0.8         0.8 3.49546e-09
        1155         0.8         0.8 3.49394e-09
        1156         0.8         0.8 3.49243e-09
        1157         0.8         0.8  3.5183e-09
        1158         0.8         0.8 3.51678e-09
        1159         0.8         0.8 3.51527e-09
        1160         0.8         0.8 3.51375e-09
        1161         0.8         0.8 3.52582e-09
        1162         0.8         0.8 3.52431e-09
        1163         0.8         0.8 3.52279e-09
        1164         0.8         0.8 3.52128e-09
        1165         0.8         0.8 3.51977e-09
        1166         0.8         0.8 3.54522e-09
        1167         0.8         0.8  3.5437e-09
        1168         0.8         0.8 3.54218e-09
        1169         0.8         0.8 3.54066e-09
        1170         0.8         0.8 3.56586e-09
        1171         0.8         0.8 3.56434e-09
        1172         0.8         0.8 3.56282e-09
        1173         0.8         0.8  3.5613e-09
        1174         0.8         0.8 3.55978e-09
        1175         0.8         0.8 3.57152e-09
        1176         0.8         0.8    3.57e-09
        1177         0.8         0.8 3.56848e-09
        1178         0.8         0.8 3.56697e-09
        1179         0.8         0.8 3.59177e-09
        1180         0.8         0.8 3.59025e-09
        1181         0.8         0.8 3.58873e-09
        1182         0.8         0.8 3.58721e-09
        1183         0.8         0.8 3.58569e-09
        1184         0.8         0.8 3.59723e-09
        1185         0.8         0.8 3.59572e-09
        1186         0.8         0.8  3.5942e-09
        1187         0.8         0.8 3.59269e-09
        1188         0.8         0.8  3.6171e-09
        1189         0.8         0.8 3.61558e-09
        1190         0.8         0.8 3.61406e-09
        1191         0.8         0.8 3.59962e-09
        1192         0.8         0.8 3.59811e-09
        1193         0.8         0.8 3.62238e-09
        1194         0.8         0.8 3.62087e-09
        1195         0.8         0.8 3.61935e-09
        1196         0.8         0.8 3.61784e-09
        1197         0.8         0.8 3.62913e-09
        1198         0.8         0.8 3.62761e-09
        1199         0.8         0.8  3.6261e-09
        1200         0.8         0.8 3.62459e-09
        1201         0.8         0.8 3.62308e-09
        1202         0.8         0.8 3.64699e-09
        1203         0.8         0.8 3.64547e-09
        1204         0.8         0.8 3.64396e-09
        1205         0.8         0.8 3.64244e-09
        1206         0.8         0.8 3.64093e-09
        1207         0.8         0.8 3.65204e-09
        1208         0.8         0.8 3.65053e-09
        1209         0.8         0.8 3.64902e-09
        1210         0.8         0.8 3.64751e-09
        1211         0.8         0.8   3.646e-09
        1212         0.8         0.8 3.66955e-09
        1213         0.8         0.8 3.66803e-09
        1214         0.8         0.8 3.66652e-09
        1215         0.8         0.8 3.66501e-09
        1216         0.8         0.8 3.68834e-09
        1217         0.8         0.8 3.68683e-09
        1218         0.8         0.8 3.68531e-09
        1219         0.8         0.8  3.6838e-09
        1220         0.8         0.8 3.68229e-09
        1221         0.8         0.8 3.69312e-09
        1222         0.8         0.8  3.6916e-09
        1223         0.8         0.8 3.69009e-09
        1224         0.8         0.8 3.68859e-09
        1225         0.8         0.8 3.68708e-09
        1226         0.8         0.8 3.71007e-09
        1227         0.8         0.8 3.70855e-09
        1228         0.8         0.8 3.70704e-09
        1229         0.8         0.8 3.70554e-09
        1230         0.8         0.8 3.70403e-09
        1231         0.8         0.8 3.71468e-09
        1232         0.8         0.8 3.71318e-09
        1233         0.8         0.8 3.71167e-09
        1234         0.8         0.8 3.71017e-09
        1235         0.8         0.8 3.70866e-09
        1236         0.8         0.8 3.73131e-09
        1237         0.8         0.8  3.7298e-09
        1238         0.8         0.8  3.7283e-09
        1239         0.8         0.8 3.72679e-09
        1240         0.8         0.8 3.72529e-09
        1241         0.8         0.8 3.74774e-09
        1242         0.8         0.8 3.74623e-09
        1243         0.8         0.8 3.74472e-09
        1244         0.8         0.8 3.74321e-09
        1245         0.8         0.8 3.74171e-09
        1246         0.8         0.8  3.7521e-09
        1247         0.8         0.8  3.7506e-09
        1248         0.8         0.8 3.74909e-09
        1249         0.8         0.8 3.73571e-09
        1250         0.8         0.8 3.73422e-09
        1251         0.8         0.8 3.75643e-09
        1252         0.8         0.8 3.75493e-09
        1253         0.8         0.8 3.75343e-09
        1254         0.8         0.8 3.75193e-09
        1255         0.8         0.8 3.75044e-09
        1256         0.8         0.8 3.76071e-09
        1257         0.8         0.8 3.75922e-09
        1258         0.8         0.8 3.75772e-09
        1259         0.8         0.8 3.75623e-09
        1260         0.8         0.8 3.75474e-09
        1261         0.8         0.8 3.77664e-09
        1262         0.8         0.8 3.77514e-09
        1263         0.8         0.8 3.77364e-09
        1264         0.8         0.8 3.77215e-09
        1265         0.8         0.8 3.77066e-09
        1266         0.8         0.8 3.79237e-09
        1267         0.8         0.8 3.79087e-09
        1268         0.8         0.8 3.78937e-09
        1269         0.8         0.8 3.78788e-09
        1270         0.8         0.8 3.78639e-09
        1271         0.8         0.8  3.7849e-09
        1272         0.8         0.8 3.79493e-09
        1273         0.8         0.8 3.79344e-09
        1274         0.8         0.8 3.79195e-09
        1275         0.8         0.8 3.79046e-09
        1276         0.8         0.8 3.78898e-09
        1277         0.8         0.8 3.81038e-09
        1278         0.8         0.8 3.80889e-09
        1279         0.8         0.8  3.8074e-09
        1280         0.8         0.8 3.80591e-09
        1281         0.8         0.8 3.80442e-09
        1282         0.8         0.8 3.80294e-09
        1283         0.8         0.8 3.80146e-09
        1284         0.8         0.8 3.79998e-09
        1285         0.8         0.8  3.7985e-09
        1286         0.8         0.8 3.80837e-09
        1287         0.8         0.8 3.80689e-09
        1288         0.8         0.8 3.80541e-09
        1289         0.8         0.8 3.80394e-09
        1290         0.8         0.8 3.80246e-09
        1291         0.8         0.8 3.80099e-09
        1292         0.8         0.8 3.82207e-09
        1293         0.8         0.8 3.82059e-09
        1294         0.8         0.8 3.81911e-09
        1295         0.8         0.8 3.81764e-09
        1296         0.8         0.8 3.81616e-09
        1297         0.8         0.8 3.83707e-09
        1298         0.8         0.8 3.83559e-09
        1299         0.8         0.8 3.83411e-09
        1300         0.8         0.8 3.83264e-09
        1301         0.8         0.8 3.83116e-09
        1302         0.8         0.8 3.82969e-09
        1303         0.8         0.8 3.83933e-09
        1304         0.8         0.8 3.83786e-09
        1305         0.8         0.8 3.83639e-09
        1306         0.8         0.8 3.83492e-09
        1307         0.8         0.8 3.83346e-09
        1308         0.8         0.8 3.85408e-09
        1309         0.8         0.8  3.8526e-09
        1310         0.8         0.8 3.85113e-09
        1311         0.8         0.8 3.84966e-09
        1312         0.8         0.8  3.8482e-09
        1313         0.8         0.8 3.83572e-09
        1314         0.8         0.8 3.84527e-09
        1315         0.8         0.8  3.8438e-09
        1316         0.8         0.8 3.84234e-09
        1317         0.8         0.8 3.84088e-09
        1318         0.8         0.8 3.83943e-09
        1319         0.8         0.8 3.85984e-09
        1320         0.8         0.8 3.85838e-09
        1321         0.8         0.8 3.85692e-09
        1322         0.8         0.8 3.85546e-09
        1323         0.8         0.8   3.854e-09
        1324         0.8         0.8 3.85255e-09
        1325         0.8         0.8 3.87279e-09
        1326         0.8         0.8 3.87133e-09
        1327         0.8         0.8 3.86987e-09
        1328         0.8         0.8 3.86841e-09
        1329         0.8         0.8 3.86696e-09
        1330         0.8         0.8  3.8655e-09
        1331         0.8         0.8 3.87483e-09
        1332         0.8         0.8 3.87337e-09
        1333         0.8         0.8 3.87192e-09
        1334         0.8         0.8 3.87047e-09
        1335         0.8         0.8 3.86902e-09
        1336         0.8         0.8   3.889e-09
        1337         0.8         0.8 3.88754e-09
        1338         0.8         0.8 3.88609e-09
        1339         0.8         0.8 3.88464e-09
        1340         0.8         0.8 3.88319e-09
        1341         0.8         0.8 3.88174e-09
        1342         0.8         0.8 3.89094e-09
        1343         0.8         0.8 3.88949e-09
        1344         0.8         0.8 3.88804e-09
        1345         0.8         0.8  3.8866e-09
        1346         0.8         0.8 3.88515e-09
        1347         0.8         0.8 3.88371e-09
        1348         0.8         0.8 3.90343e-09
        1349         0.8         0.8 3.90198e-09
        1350         0.8         0.8 3.90053e-09
        1351         0.8         0.8 3.89909e-09
        1352         0.8         0.8 3.89765e-09
        1353         0.8         0.8 3.89621e-09
        1354         0.8         0.8 3.91576e-09
        1355         0.8         0.8 3.91432e-09
        1356         0.8         0.8 3.91288e-09
        1357         0.8         0.8 3.91143e-09
        1358         0.8         0.8 3.90999e-09
        1359         0.8         0.8 3.90855e-09
        1360         0.8         0.8 3.91755e-09
        1361         0.8         0.8 3.91611e-09
        1362         0.8         0.8 3.91467e-09
        1363         0.8         0.8 3.91324e-09
        1364         0.8         0.8  3.9118e-09
        1365         0.8         0.8 3.91037e-09
        1366         0.8         0.8 3.92967e-09
        1367         0.8         0.8 3.92824e-09
        1368         0.8         0.8  3.9268e-09
        1369         0.8         0.8 3.92537e-09
        1370         0.8         0.8 3.92393e-09
        1371         0.8         0.8  3.9225e-09
        1372         0.8         0.8 3.93138e-09
        1373         0.8         0.8 3.92995e-09
        1374         0.8         0.8 3.92852e-09
        1375         0.8         0.8 3.92709e-09
        1376         0.8         0.8 3.92566e-09
        1377         0.8         0.8 3.92423e-09
        1378         0.8         0.8 3.94329e-09
        1379         0.8         0.8 3.94186e-09
        1380         0.8         0.8 3.94044e-09
        1381         0.8         0.8 3.93901e-09
        1382         0.8         0.8 3.93758e-09
        1383         0.8         0.8 3.93616e-09
        1384         0.8         0.8 3.94492e-09
        1385         0.8         0.8 3.94349e-09
        1386         0.8         0.8 3.94207e-09
        1387         0.8         0.8 3.94065e-09
        1388         0.8         0.8 3.93923e-09
        1389         0.8         0.8 3.93781e-09
        1390         0.8         0.8 3.94653e-09
        1391         0.8         0.8 3.94511e-09
        1392         0.8         0.8 3.94369e-09
        1393         0.8         0.8 3.94227e-09
        1394         0.8         0.8 3.94086e-09
        1395         0.8         0.8 3.93945e-09
        1396         0.8         0.8 3.93804e-09
        1397         0.8         0.8 3.95676e-09
        1398         0.8         0.8 3.95535e-09
        1399         0.8         0.8 3.95393e-09
        1400         0.8         0.8 3.95252e-09
        1401         0.8         0.8 3.95111e-09
        1402         0.8         0.8  3.9497e-09
        1403         0.8         0.8  3.9583e-09
        1404         0.8         0.8 3.95689e-09
        1405         0.8         0.8 3.95548e-09
        1406         0.8         0.8 3.95408e-09
        1407         0.8         0.8 3.95267e-09
        1408         0.8         0.8 3.95127e-09
        1409         0.8         0.8 3.96976e-09
        1410         0.8         0.8 3.96836e-09
        1411         0.8         0.8 3.96695e-09
        1412         0.8         0.8 3.96554e-09
        1413         0.8         0.8 3.96414e-09
        1414         0.8         0.8 3.96274e-09
        1415         0.8         0.8 3.96134e-09
        1416         0.8         0.8 3.97969e-09
        1417         0.8         0.8 3.97828e-09
        1418         0.8         0.8 3.97688e-09
        1419         0.8         0.8 3.97548e-09
        1420         0.8         0.8 3.97408e-09
        1421         0.8         0.8 3.97268e-09
        1422         0.8         0.8  3.9811e-09
        1423         0.8         0.8  3.9797e-09
        1424         0.8         0.8 3.97831e-09
        1425         0.8         0.8 3.97691e-09
        1426         0.8         0.8 3.97551e-09
        1427         0.8         0.8 3.97412e-09
        1428         0.8         0.8 3.97273e-09
        1429         0.8         0.8 3.99085e-09
        1430         0.8         0.8 3.98946e-09
        1431         0.8         0.8 3.98807e-09
        1432         0.8         0.8 3.98667e-09
        1433         0.8         0.8 3.98528e-09
        1434         0.8         0.8 3.98389e-09
        1435         0.8         0.8  3.9825e-09
        1436         0.8         0.8 3.99081e-09
        1437         0.8         0.8 3.98943e-09
        1438         0.8         0.8 3.98804e-09
        1439         0.8         0.8 3.98665e-09
        1440         0.8         0.8 3.98527e-09
        1441         0.8         0.8 3.98388e-09
        1442         0.8         0.8 4.00179e-09
        1443         0.8         0.8  4.0004e-09
        1444         0.8         0.8 3.99902e-09
        1445         0.8         0.8 3.99763e-09
        1446         0.8         0.8 3.99625e-09
        1447         0.8         0.8 3.99487e-09
        1448         0.8         0.8 3.99349e-09
        1449         0.8         0.8 4.01126e-09
        1450         0.8         0.8 4.00987e-09
        1451         0.8         0.8 4.00849e-09
        1452         0.8         0.8 4.00711e-09
        1453         0.8         0.8 4.00573e-09
        1454         0.8         0.8 4.00435e-09
        1455         0.8         0.8 4.00298e-09
        1456         0.8         0.8 4.01112e-09
        1457         0.8         0.8 4.00974e-09
        1458         0.8         0.8 4.00837e-09
        1459         0.8         0.8 4.00699e-09
        1460         0.8         0.8 4.00562e-09
        1461         0.8         0.8 4.00425e-09
        1462         0.8         0.8 4.00288e-09
        1463         0.8         0.8 4.01098e-09
        1464         0.8         0.8 4.00961e-09
        1465         0.8         0.8 4.00824e-09
        1466         0.8         0.8 4.00688e-09
        1467         0.8         0.8 4.00551e-09
        1468         0.8         0.8 4.00415e-09
        1469         0.8         0.8 4.00278e-09
        1470         0.8         0.8 4.01085e-09
        1471         0.8         0.8 4.00948e-09
        1472         0.8         0.8 4.00812e-09
        1473         0.8         0.8 4.00676e-09
        1474         0.8         0.8  4.0054e-09
        1475         0.8         0.8 4.00404e-09
        1476         0.8         0.8 4.00269e-09
        1477         0.8         0.8 4.02007e-09
        1478         0.8         0.8 4.01871e-09
        1479         0.8         0.8 4.01736e-09
        1480         0.8         0.8   4.016e-09
        1481         0.8         0.8 4.01464e-09
        1482         0.8         0.8 4.01329e-09
        1483         0.8         0.8 4.01193e-09
        1484         0.8         0.8 4.02919e-09
        1485         0.8         0.8 4.02784e-09
        1486         0.8         0.8 4.02648e-09
        1487         0.8         0.8 4.02513e-09
        1488         0.8         0.8 4.02377e-09
        1489         0.8         0.8 4.02242e-09
        1490         0.8         0.8 4.02107e-09
        1491         0.8         0.8 4.02897e-09
        1492         0.8         0.8 4.02762e-09
        1493         0.8         0.8 4.02628e-09
        1494         0.8         0.8 4.02493e-09
        1495         0.8         0.8 4.02358e-09
        1496         0.8         0.8 4.02224e-09
        1497         0.8         0.8 4.02089e-09
        1498         0.8         0.8 4.03795e-09
        1499         0.8         0.8  4.0366e-09
        1500         0.8         0.8 4.03525e-09
        1501         0.8         0.8 4.03391e-09
        1502         0.8         0.8 4.03257e-09
        1503         0.8         0.8 4.03122e-09
        1504         0.8         0.8 4.02988e-09
        1505         0.8         0.8 4.03769e-09
        1506         0.8         0.8 4.03635e-09
        1507         0.8         0.8 4.03501e-09
        1508         0.8         0.8 4.03367e-09
        1509         0.8         0.8 4.03234e-09
        1510         0.8         0.8   4.031e-09
        1511         0.8         0.8 4.02967e-09
        1512         0.8         0.8 4.02833e-09
        1513         0.8         0.8 4.04518e-09
        1514         0.8         0.8 4.04385e-09
        1515         0.8         0.8 4.04251e-09
        1516         0.8         0.8 4.04118e-09
        1517         0.8         0.8 4.03985e-09
        1518         0.8         0.8 4.03851e-09
        1519         0.8         0.8 4.03719e-09
        1520         0.8         0.8 4.05391e-09
        1521         0.8         0.8 4.05258e-09
        1522         0.8         0.8 4.05125e-09
        1523         0.8         0.8 4.04992e-09
        1524         0.8         0.8 4.04859e-09
        1525         0.8         0.8 4.04726e-09
        1526         0.8         0.8 4.04594e-09
        1527         0.8         0.8 4.04461e-09
        1528         0.8         0.8 4.05226e-09
        1529         0.8         0.8 4.05094e-09
        1530         0.8         0.8 4.04961e-09
        1531         0.8         0.8 4.04829e-09
        1532         0.8         0.8 4.04697e-09
        1533         0.8         0.8 4.04565e-09
        1534         0.8         0.8 4.04433e-09
        1535         0.8         0.8 4.06086e-09
        1536         0.8         0.8 4.05954e-09
        1537         0.8         0.8 4.05822e-09
        1538         0.8         0.8  4.0569e-09
        1539         0.8         0.8 4.05558e-09
        1540         0.8         0.8 4.05427e-09
        1541         0.8         0.8 4.05295e-09
        1542         0.8         0.8 4.05164e-09
        1543         0.8         0.8 4.05919e-09
        1544         0.8         0.8 4.05788e-09
        1545         0.8         0.8 4.05657e-09
        1546         0.8         0.8 4.05525e-09
        1547         0.8         0.8 4.05394e-09
        1548         0.8         0.8 4.05263e-09
        1549         0.8         0.8 4.05133e-09
        1550         0.8         0.8 4.05002e-09
        1551         0.8         0.8 4.06635e-09
        1552         0.8         0.8 4.05624e-09
        1553         0.8         0.8 4.05493e-09
        1554         0.8         0.8 4.05362e-09
        1555         0.8         0.8 4.05232e-09
        1556         0.8         0.8 4.05102e-09
        1557         0.8         0.8 4.04972e-09
        1558         0.8         0.8 4.06598e-09
        1559         0.8         0.8 4.06468e-09
        1560         0.8         0.8 4.06337e-09
        1561         0.8         0.8 4.06207e-09
        1562         0.8         0.8 4.06077e-09
        1563         0.8         0.8 4.05947e-09
        1564         0.8         0.8 4.05817e-09
        1565         0.8         0.8 4.05688e-09
        1566         0.8         0.8 4.06431e-09
        1567         0.8         0.8 4.06302e-09
        1568         0.8         0.8 4.06172e-09
        1569         0.8         0.8 4.06043e-09
        1570         0.8         0.8 4.05913e-09
        1571         0.8         0.8 4.05784e-09
        1572         0.8         0.8 4.05655e-09
        1573         0.8         0.8 4.05526e-09
        1574         0.8         0.8 4.07133e-09
        1575         0.8         0.8 4.07004e-09
        1576         0.8         0.8 4.06875e-09
        1577         0.8         0.8 4.06746e-09
        1578         0.8         0.8 4.06617e-09
        1579         0.8         0.8 4.06488e-09
        1580         0.8         0.8  4.0636e-09
        1581         0.8         0.8 4.06231e-09
        1582         0.8         0.8 4.06966e-09
        1583         0.8         0.8 4.06837e-09
        1584         0.8         0.8 4.06709e-09
        1585         0.8         0.8  4.0658e-09
        1586         0.8         0.8 4.06452e-09
        1587         0.8         0.8 4.06324e-09
        1588         0.8         0.8 4.06196e-09
        1589         0.8         0.8 4.06068e-09
        1590         0.8         0.8 4.07657e-09
        1591         0.8         0.8 4.07529e-09
        1592         0.8         0.8 4.07401e-09
        1593         0.8         0.8 4.07273e-09
        1594         0.8         0.8 4.07145e-09
        1595         0.8         0.8 4.07018e-09
        1596         0.8         0.8  4.0689e-09
        1597         0.8         0.8 4.06763e-09
        1598         0.8         0.8 4.06635e-09
        1599         0.8         0.8 4.08213e-09
        1600         0.8         0.8 4.08085e-09
        1601         0.8         0.8 4.07958e-09
        1602         0.8         0.8 4.08679e-09
        1603         0.8         0.8 4.08552e-09
        1604         0.8         0.8 4.09271e-09
        1605         0.8         0.8 4.09988e-09
        1606         0.8         0.8  4.0986e-09
        1607         0.8         0.8 4.11415e-09
        1608         0.8         0.8 4.11287e-09
        1609         0.8         0.8 4.11998e-09
        1610         0.8         0.8 4.12706e-09
        1611         0.8         0.8 4.12578e-09
        1612         0.8         0.8 4.13284e-09
        1613         0.8         0.8 4.13156e-09
        1614         0.8         0.8  4.1386e-09
        1615         0.8         0.8 4.16216e-09
        1616         0.8         0.8 4.16088e-09
        1617         0.8         0.8 4.16783e-09
        1618         0.8         0.8 4.17477e-09
        1619         0.8         0.8 4.17348e-09
        1620         0.8         0.8  4.1804e-09
        1621         0.8         0.8 4.17911e-09
        1622         0.8         0.8   4.186e-09
        1623         0.8         0.8 4.19288e-09
        1624         0.8         0.8 4.19974e-09
        1625         0.8         0.8 4.20657e-09
        1626         0.8         0.8 4.20528e-09
        1627         0.8         0.8 4.21209e-09
        1628         0.8         0.8 4.21889e-09
        1629         0.8         0.8 4.21759e-09
        1630         0.8         0.8 4.22437e-09
        1631         0.8         0.8 4.23113e-09
        1632         0.8         0.8 4.24588e-09
        1633         0.8         0.8 4.25258e-09
        1634         0.8         0.8 4.25128e-09
        1635         0.8         0.8 4.25796e-09
        1636         0.8         0.8 4.26463e-09
        1637         0.8         0.8 4.26332e-09
        1638         0.8         0.8 4.26996e-09
        1639         0.8         0.8 4.26866e-09
        1640         0.8         0.8 4.27529e-09
        1641         0.8         0.8 4.29766e-09
        1642         0.8         0.8 4.29635e-09
        1643         0.8         0.8  4.3029e-09
        1644         0.8         0.8 4.30159e-09
        1645         0.8         0.8 4.30813e-09
        1646         0.8         0.8 4.31464e-09
        1647         0.8         0.8 4.31333e-09
        1648         0.8         0.8 4.31983e-09
        1649         0.8         0.8 4.31852e-09
        1650         0.8         0.8 4.33277e-09
        1651         0.8         0.8 4.33921e-09
        1652         0.8         0.8  4.3379e-09
        1653         0.8         0.8 4.34432e-09
        1654         0.8         0.8 4.34301e-09
        1655         0.8         0.8 4.34941e-09
        1656         0.8         0.8  4.3481e-09
        1657         0.8         0.8 4.35449e-09
        1658         0.8         0.8 4.36086e-09
        1659         0.8         0.8 4.37487e-09
        1660         0.8         0.8 4.38119e-09
        1661         0.8         0.8 4.37987e-09
        1662         0.8         0.8 4.38617e-09
        1663         0.8         0.8 4.39246e-09
        1664         0.8         0.8 4.39114e-09
        1665         0.8         0.8 4.39741e-09
        1666         0.8         0.8 4.39609e-09
        1667         0.8         0.8 4.40234e-09
        1668         0.8         0.8 4.40858e-09
        1669         0.8         0.8  4.4148e-09
        1670         0.8         0.8   4.421e-09
        1671         0.8         0.8 4.41968e-09
        1672         0.8         0.8 4.42586e-09
        1673         0.8         0.8 4.42454e-09
        1674         0.8         0.8 4.43071e-09
        1675         0.8         0.8 4.43686e-09
        1676         0.8         0.8 4.43554e-09
        1677         0.8         0.8 4.45655e-09
        1678         0.8         0.8 4.45523e-09
        1679         0.8         0.8 4.46132e-09
        1680         0.8         0.8 4.45999e-09
        1681         0.8         0.8 4.46606e-09
        1682         0.8         0.8 4.47212e-09
        1683         0.8         0.8 4.47079e-09
        1684         0.8         0.8 4.47683e-09
        1685         0.8         0.8  4.4755e-09
        1686         0.8         0.8  4.4962e-09
        1687         0.8         0.8 4.49487e-09
        1688         0.8         0.8 4.50085e-09
        1689         0.8         0.8 4.50681e-09
        1690         0.8         0.8 4.50548e-09
        1691         0.8         0.8 4.51143e-09
        1692         0.8         0.8  4.5101e-09
        1693         0.8         0.8 4.51603e-09
        1694         0.8         0.8  4.5147e-09
        1695         0.8         0.8 4.52785e-09
        1696         0.8         0.8 4.52652e-09
        1697         0.8         0.8 4.53241e-09
        1698         0.8         0.8 4.53828e-09
        1699         0.8         0.8 4.53695e-09
        1700         0.8         0.8 4.54281e-09
        1701         0.8         0.8 4.54147e-09
        1702         0.8         0.8 4.54731e-09
        1703         0.8         0.8 4.54598e-09
        1704         0.8         0.8  4.5661e-09
        1705         0.8         0.8 4.56476e-09
        1706         0.8         0.8 4.57055e-09
        1707         0.8         0.8 4.57632e-09
        1708         0.8         0.8 4.57498e-09
        1709         0.8         0.8 4.58074e-09
        1710         0.8         0.8  4.5794e-09
        1711         0.8         0.8 4.58514e-09
        1712         0.8         0.8  4.5838e-09
        1713         0.8         0.8 4.58953e-09
        1714         0.8         0.8 4.59524e-09
        1715         0.8         0.8 4.60094e-09
        1716         0.8         0.8 4.60663e-09
        1717         0.8         0.8 4.60529e-09
        1718         0.8         0.8 4.61096e-09
        1719         0.8         0.8 4.60962e-09
        1720         0.8         0.8 4.61528e-09
        1721         0.8         0.8 4.61394e-09
        1722         0.8         0.8 4.61958e-09
        1723         0.8         0.8 4.63217e-09
        1724         0.8         0.8 4.63778e-09
        1725         0.8         0.8 4.63643e-09
        1726         0.8         0.8 4.64202e-09
        1727         0.8         0.8  4.6476e-09
        1728         0.8         0.8 4.64625e-09
        1729         0.8         0.8 4.65182e-09
        1730         0.8         0.8 4.65047e-09
        1731         0.8         0.8 4.65602e-09
        1732         0.8         0.8 4.65468e-09
        1733         0.8         0.8 4.67394e-09
        1734         0.8         0.8 4.67259e-09
        1735         0.8         0.8 4.67809e-09
        1736         0.8         0.8 4.67674e-09
        1737         0.8         0.8 4.68222e-09
        1738         0.8         0.8 4.68088e-09
        1739         0.8         0.8 4.68635e-09
        1740         0.8         0.8 4.69181e-09
        1741         0.8         0.8 4.69046e-09
        1742         0.8         0.8  4.6959e-09
        1743         0.8         0.8 4.70133e-09
        1744         0.8         0.8 4.70675e-09
        1745         0.8         0.8 4.70541e-09
        1746         0.8         0.8 4.71081e-09
        1747         0.8         0.8 4.70946e-09
        1748         0.8         0.8 4.71486e-09
        1749         0.8         0.8 4.71351e-09
        1750         0.8         0.8 4.71889e-09
        1751         0.8         0.8 4.71754e-09
        1752         0.8         0.8 4.72291e-09
        1753         0.8         0.8 4.73495e-09
        1754         0.8         0.8 4.74029e-09
        1755         0.8         0.8 4.73893e-09
        1756         0.8         0.8 4.74425e-09
        1757         0.8         0.8  4.7429e-09
        1758         0.8         0.8 4.74821e-09
        1759         0.8         0.8  4.7535e-09
        1760         0.8         0.8 4.75215e-09
        1761         0.8         0.8 4.75743e-09
        1762         0.8         0.8 4.75608e-09
        1763         0.8         0.8 4.76796e-09
        1764         0.8         0.8 4.76661e-09
        1765         0.8         0.8 4.77185e-09
        1766         0.8         0.8  4.7705e-09
        1767         0.8         0.8 4.77573e-09
        1768         0.8         0.8 4.77438e-09
        1769         0.8         0.8  4.7796e-09
        1770         0.8         0.8 4.77825e-09
        1771         0.8         0.8 4.78346e-09
        1772         0.8         0.8 4.78211e-09
        1773         0.8         0.8 4.80037e-09
        1774         0.8         0.8 4.79902e-09
        1775         0.8         0.8 4.80418e-09
        1776         0.8         0.8 4.80283e-09
        1777         0.8         0.8 4.80798e-09
        1778         0.8         0.8 4.80662e-09
        1779         0.8         0.8 4.81176e-09
        1780         0.8         0.8 4.81041e-09
        1781         0.8         0.8 4.81554e-09
        1782         0.8         0.8 4.81418e-09
        1783         0.8         0.8  4.8322e-09
        1784         0.8         0.8 4.83085e-09
        1785         0.8         0.8 4.83593e-09
        1786         0.8         0.8 4.83458e-09
        1787         0.8         0.8 4.83965e-09
        1788         0.8         0.8 4.83829e-09
        1789         0.8         0.8 4.84335e-09
        1790         0.8         0.8   4.842e-09
        1791         0.8         0.8 4.84704e-09
        1792         0.8         0.8 4.84569e-09
        1793         0.8         0.8  4.8571e-09
        1794         0.8         0.8 4.85575e-09
        1795         0.8         0.8 4.86076e-09
        1796         0.8         0.8 4.85941e-09
        1797         0.8         0.8 4.86441e-09
        1798         0.8         0.8 4.86306e-09
        1799         0.8         0.8 4.86805e-09
        1800         0.8         0.8  4.8667e-09
        1801         0.8         0.8 4.87168e-09
        1802         0.8         0.8 4.87033e-09
        1803         0.8         0.8  4.8753e-09
        1804         0.8         0.8 4.88655e-09
        1805         0.8         0.8 4.89149e-09
        1806         0.8         0.8 4.89014e-09
        1807         0.8         0.8 4.89506e-09
        1808         0.8         0.8 4.89371e-09
        1809         0.8         0.8 4.89863e-09
        1810         0.8         0.8 4.89727e-09
        1811         0.8         0.8 4.90218e-09
        1812         0.8         0.8 4.90082e-09
        1813         0.8         0.8 4.90572e-09
        1814         0.8         0.8  4.9106e-09
        1815         0.8         0.8 4.91547e-09
        1816         0.8         0.8 4.91412e-09
        1817         0.8         0.8 4.91898e-09
        1818         0.8         0.8 4.91763e-09
        1819         0.8         0.8 4.92248e-09
        1820         0.8         0.8 4.92113e-09
        1821         0.8         0.8 4.92597e-09
        1822         0.8         0.8 4.92462e-09
        1823         0.8         0.8 4.92945e-09
        1824         0.8         0.8  4.9281e-09
        1825         0.8         0.8 4.94523e-09
        1826         0.8         0.8 4.94388e-09
        1827         0.8         0.8 4.94867e-09
        1828         0.8         0.8 4.94731e-09
        1829         0.8         0.8 4.95209e-09
        1830         0.8         0.8 4.95074e-09
        1831         0.8         0.8 4.95551e-09
        1832         0.8         0.8 4.95416e-09
        1833         0.8         0.8 4.95892e-09
        1834         0.8         0.8 4.95757e-09
        1835         0.8         0.8 4.96231e-09
        1836         0.8         0.8 4.97314e-09
        1837         0.8         0.8 4.97178e-09
        1838         0.8         0.8  4.9765e-09
        1839         0.8         0.8 4.97515e-09
        1840         0.8         0.8 4.97986e-09
        1841         0.8         0.8 4.97851e-09
        1842         0.8         0.8 4.98321e-09
        1843         0.8         0.8 4.98185e-09
        1844         0.8         0.8 4.98654e-09
        1845         0.8         0.8 4.98519e-09
        1846         0.8         0.8 4.98987e-09
        1847         0.8         0.8 4.99454e-09
        1848         0.8         0.8  4.9992e-09
        1849         0.8         0.8 4.99785e-09
        1850         0.8         0.8  5.0025e-09
        1851         0.8         0.8 5.00115e-09
        1852         0.8         0.8 5.00579e-09
        1853         0.8         0.8 5.00444e-09
        1854         0.8         0.8 5.00907e-09
        1855         0.8         0.8 5.00772e-09
        1856         0.8         0.8 5.00637e-09
        1857         0.8         0.8 5.01099e-09
        1858         0.8         0.8 5.02156e-09
        1859         0.8         0.8 5.02615e-09
        1860         0.8         0.8  5.0248e-09
        1861         0.8         0.8 5.02938e-09
        1862         0.8         0.8 5.02803e-09
        1863         0.8         0.8 5.03261e-09
        1864         0.8         0.8 5.03126e-09
        1865         0.8         0.8 5.03582e-09
        1866         0.8         0.8 5.03447e-09
        1867         0.8         0.8 5.03903e-09
        1868         0.8         0.8 5.03768e-09
        1869         0.8         0.8 5.04811e-09
        1870         0.8         0.8 5.04676e-09
        1871         0.8         0.8 5.04541e-09
        1872         0.8         0.8 5.04994e-09
        1873         0.8         0.8 5.04859e-09
        1874         0.8         0.8 5.05311e-09
        1875         0.8         0.8 5.05176e-09
        1876         0.8         0.8 5.05627e-09
        1877         0.8         0.8 5.05493e-09
        1878         0.8         0.8 5.05943e-09
        1879         0.8         0.8 5.05808e-09
        1880         0.8         0.8 5.07422e-09
        1881         0.8         0.8 5.07287e-09
        1882         0.8         0.8 5.07152e-09
        1883         0.8         0.8 5.07599e-09
        1884         0.8         0.8 5.07464e-09
        1885         0.8         0.8  5.0791e-09
        1886         0.8         0.8 5.07775e-09
        1887         0.8         0.8  5.0822e-09
        1888         0.8         0.8 5.08085e-09
        1889         0.8         0.8 5.08529e-09
        1890         0.8         0.8 5.08394e-09
        1891         0.8         0.8 5.08837e-09
        1892         0.8         0.8 5.09855e-09
        1893         0.8         0.8  5.0972e-09
        1894         0.8         0.8  5.1016e-09
        1895         0.8         0.8 5.10026e-09
        1896         0.8         0.8 5.10465e-09
        1897         0.8         0.8  5.1033e-09
        1898         0.8         0.8 5.10769e-09
        1899         0.8         0.8 5.10634e-09
        1900         0.8         0.8 5.11072e-09
        1901         0.8         0.8 5.10938e-09
        1902         0.8         0.8 5.11374e-09
        1903         0.8         0.8  5.1124e-09
        1904         0.8         0.8 5.11676e-09
        1905         0.8         0.8 5.12111e-09
        1906         0.8         0.8 5.11976e-09
        1907         0.8         0.8 5.12411e-09
        1908         0.8         0.8 5.12276e-09
        1909         0.8         0.8  5.1271e-09
        1910         0.8         0.8 5.12575e-09
        1911         0.8         0.8 5.13008e-09
        1912         0.8         0.8 5.12874e-09
        1913         0.8         0.8 5.12739e-09
        1914         0.8         0.8 5.13171e-09
        1915         0.8         0.8 5.14166e-09
        1916         0.8         0.8 5.14595e-09
        1917         0.8         0.8 5.14461e-09
        1918         0.8         0.8 5.14889e-09
        1919         0.8         0.8 5.14755e-09
        1920         0.8         0.8 5.14621e-09
        1921         0.8         0.8 5.15048e-09
        1922         0.8         0.8 5.14914e-09
        1923         0.8         0.8 5.15341e-09
        1924         0.8         0.8 5.15207e-09
        1925         0.8         0.8 5.15632e-09
        1926         0.8         0.8 5.15499e-09
        1927         0.8         0.8 5.16481e-09
        1928         0.8         0.8 5.16348e-09
        1929         0.8         0.8 5.16214e-09
        1930         0.8         0.8 5.16637e-09
        1931         0.8         0.8 5.16503e-09
        1932         0.8         0.8 5.16926e-09
        1933         0.8         0.8 5.16792e-09
        1934         0.8         0.8 5.17213e-09
        1935         0.8         0.8  5.1708e-09
        1936         0.8         0.8 5.16946e-09
        1937         0.8         0.8 5.17367e-09
        1938         0.8         0.8 5.17234e-09
        1939         0.8         0.8 5.18758e-09
        1940         0.8         0.8 5.18625e-09
        1941         0.8         0.8 5.19042e-09
        1942         0.8         0.8 5.18909e-09
        1943         0.8         0.8 5.18775e-09
        1944         0.8         0.8 5.19192e-09
        1945         0.8         0.8 5.19059e-09
        1946         0.8         0.8 5.19475e-09
        1947         0.8         0.8 5.19341e-09
        1948         0.8         0.8 5.19756e-09
        1949         0.8         0.8 5.19623e-09
        1950         0.8         0.8  5.1949e-09
        1951         0.8         0.8 5.19904e-09
        1952         0.8         0.8 5.20864e-09
        1953         0.8         0.8 5.21276e-09
        1954         0.8         0.8 5.21143e-09
        1955         0.8         0.8 5.21554e-09
        1956         0.8         0.8 5.21421e-09
        1957         0.8         0.8 5.21288e-09
        1958         0.8         0.8 5.21698e-09
        1959         0.8         0.8 5.21565e-09
        1960         0.8         0.8 5.21975e-09
        1961         0.8         0.8 5.21842e-09
        1962         0.8         0.8 5.21709e-09
        1963         0.8         0.8 5.22118e-09
        1964         0.8         0.8 5.22526e-09
        1965         0.8         0.8 5.22934e-09
        1966         0.8         0.8 5.22801e-09
        1967         0.8         0.8 5.23207e-09
        1968         0.8         0.8 5.23074e-09
        1969         0.8         0.8 5.22942e-09
        1970         0.8         0.8 5.23347e-09
        1971         0.8         0.8 5.23215e-09
        1972         0.8         0.8  5.2362e-09
        1973         0.8         0.8 5.23487e-09
        1974         0.8         0.8 5.23355e-09
        1975         0.8         0.8 5.23759e-09
        1976         0.8         0.8 5.23626e-09
        1977         0.8         0.8 5.25101e-09
        1978         0.8         0.8 5.24968e-09
        1979         0.8         0.8 5.25369e-09
        1980         0.8         0.8 5.25237e-09
        1981         0.8         0.8 5.25104e-09
        1982         0.8         0.8 5.25505e-09
        1983         0.8         0.8 5.25372e-09
        1984         0.8         0.8 5.25772e-09
        1985         0.8         0.8  5.2564e-09
        1986         0.8         0.8 5.25508e-09
        1987         0.8         0.8 5.25907e-09
        1988         0.8         0.8 5.25775e-09
        1989         0.8         0.8 5.26703e-09
        1990         0.8         0.8 5.26571e-09
        1991         0.8         0.8 5.26439e-09
        1992         0.8         0.8 5.26836e-09
        1993         0.8         0.8 5.26703e-09
        1994         0.8         0.8   5.271e-09
        1995         0.8         0.8 5.26968e-09
        1996         0.8         0.8 5.26836e-09
        1997         0.8         0.8 5.27231e-09
        1998         0.8         0.8 5.27099e-09
        1999         0.8         0.8 5.27494e-09
        2000         0.8         0.8 5.27362e-09
