           1     2.55861     2.55861           0
           2     3.28101     2.91981    0.255407
           3     3.98208      3.2739    0.335526
           4     4.26656     3.52207    0.330929
           5     4.60137     3.73793    0.327667
           6     5.36567     4.00922    0.368635
           7     5.67105     4.24662      0.3849
           8      5.9786     4.46312    0.392986
           9     6.00201     4.63411    0.384725
          10     6.18595     4.78929    0.376251
          11     6.07083     4.90579    0.359632
          12     6.00717     4.99758    0.341173
          13     6.48621     5.11209    0.333593
          14      6.7786     5.23112    0.330321
          15     7.00389     5.34931    0.328763
          16     6.76846       5.438    0.319956
          17     7.00492     5.53018    0.314131
          18     7.48697     5.63889    0.314929
          19      7.4654     5.73502    0.312682
          20     7.49005     5.82277    0.309116
          21     7.47975     5.90167      0.3043
          22     7.64536     5.98093    0.300613
          23     7.37616     6.04159    0.293599
          24     7.10291     6.08582    0.284677
          25     7.18376     6.12973    0.276657
          26     7.98242     6.20099     0.27504
          27     7.44295     6.24699    0.268672
          28     7.58451     6.29476    0.263289
          29     7.69964      6.3432    0.258628
          30      7.9035     6.39521    0.255183
          31     7.66371     6.43613    0.250211
          32     7.50052     6.46939    0.244593
          33     7.57694     6.50296    0.239472
          34     7.33273     6.52736    0.233669
          35     7.18166     6.54605     0.22774
          36     7.28367     6.56654    0.222333
          37     8.15223      6.6094    0.220416
          38     8.30449     6.65401    0.219083
          39     8.39706      6.6987    0.217977
          40     8.77137     6.75052    0.218599
          41     9.18773     6.80996    0.221202
          42     9.01846     6.86255    0.222098
          43     8.29958     6.89597    0.219432
          44     8.66435     6.93616    0.218095
          45     8.89802     6.97975    0.217562
          46     9.26656     7.02947    0.218439
          47     8.69367     7.06487    0.216642
          48     7.93213     7.08294     0.21288
          49      7.6385     7.09428    0.208838
          50     7.50775     7.10255    0.204825
          51     7.49374     7.11022    0.200952
          52     7.65164     7.12063    0.197357
          53     7.48357     7.12748    0.193752
          54      7.3682     7.13194    0.190215
          55      7.7021      7.1423    0.187039
          56     7.95278     7.15678    0.184258
          57     8.07195     7.17283    0.181724
          58     7.74923     7.18277    0.178862
          59     7.57143     7.18936    0.175952
          60     7.82744     7.19999    0.173341
          61      7.7879     7.20963    0.170767
          62     7.94987     7.22157    0.168429
          63     8.04789     7.23469    0.166266
          64     7.90722     7.24519    0.163999
          65     7.78729     7.25353    0.161688
          66     7.99138     7.26471    0.159624
          67     7.92669     7.27459    0.157547
          68     8.06553     7.28623    0.155659
          69     8.09198      7.2979    0.153841
          70     7.99715     7.30789    0.151967
          71     8.50192     7.32471    0.150754
          72     8.75509     7.34458    0.149964
          73     8.35664     7.35844    0.148549
          74     8.30894     7.37128    0.147096
          75      8.7243     7.38932    0.146237
          76     8.75673     7.40732    0.145415
          77     8.64363     7.42337     0.14441
          78     8.43844     7.43639    0.143144
          79     8.55601     7.45056    0.142032
          80     8.70235     7.46621    0.141116
          81     8.58421     7.48001    0.140047
          82     8.56952      7.4933    0.138968
          83     8.29224     7.50292    0.137627
          84     8.03927     7.50931    0.136136
          85     8.06044     7.51579    0.134689
          86     7.31599     7.51347    0.133143
          87     7.26907     7.51066    0.131642
          88     7.23333     7.50751    0.130184
          89     7.74406     7.51016    0.128748
          90     7.67092     7.51195     0.12733
          91      7.8289     7.51543    0.125979
          92     7.98049     7.52049    0.124711
          93     7.69728     7.52239    0.123384
          94     7.94803     7.52692    0.122155
          95     8.16329     7.53362    0.121052
          96     8.21953     7.54076    0.120002
          97     7.93231      7.5448    0.118833
          98     8.17916     7.55127    0.117796
          99     8.18551     7.55768    0.116781
         100     8.27737     7.56487    0.115834
         101     8.67153     7.57583    0.115204
         102     8.47078     7.58461    0.114409
         103     8.34265     7.59196    0.113534
         104     8.13362     7.59717    0.112562
         105     7.91008     7.60015    0.111529
         106     7.84346     7.60245    0.110501
         107      7.6082      7.6025    0.109468
         108     8.04557      7.6066    0.108531
         109     8.22234     7.61225    0.107683
         110     7.93441     7.61518    0.106744
         111     7.56956     7.61477    0.105783
         112     7.51042     7.61384    0.104842
         113      7.4431     7.61233    0.103925
         114     7.33831     7.60992    0.103042
         115     7.54312     7.60934    0.102147
         116     7.29695     7.60665    0.101302
         117     7.54676     7.60614    0.100438
         118     7.51758     7.60539   0.0995892
         119     7.56332     7.60504    0.098753
         120      7.7187     7.60598   0.0979346
         121      7.5409     7.60544   0.0971267
         122     7.85966     7.60753   0.0963529
         123     7.24703      7.6046   0.0956141
         124     7.11342     7.60064    0.094925
         125     7.55981     7.60031   0.0941662
         126     7.33005     7.59816   0.0934433
         127     7.20676     7.59508   0.0927583
         128     7.30598     7.59282   0.0920611
         129     7.71059     7.59374    0.091352
         130     7.65772     7.59423   0.0906506
         131     7.83436     7.59606   0.0899772
         132     7.65913     7.59654   0.0892968
         133     7.80525     7.59811   0.0886392
         134     7.83685     7.59989   0.0879956
         135     8.35739      7.6055   0.0875225
         136     7.68072     7.60606   0.0868807
         137     7.59642     7.60598   0.0862465
         138     7.20961     7.60311   0.0856694
         139     7.58955     7.60302   0.0850531
         140     7.50238      7.6023   0.0844486
         141     7.55307     7.60195   0.0838504
         142     7.42414     7.60069   0.0832693
         143     7.50728     7.60004   0.0826895
         144     7.69017     7.60067   0.0821177
         145     7.80771      7.6021   0.0815637
         146      7.6872     7.60268   0.0810072
         147     7.84356     7.60432   0.0804727
         148     7.45496     7.60331   0.0799353
         149     7.81797     7.60475   0.0794118
         150     7.94737     7.60703   0.0789152
         151      8.3727      7.6121   0.0785553
         152     8.39765     7.61727   0.0782083
         153     8.61634      7.6238   0.0779693
         154     8.22395      7.6277   0.0775603
         155     8.24381     7.63167   0.0771617
         156     7.94005     7.63365   0.0766924
         157     7.84892     7.63502   0.0762162
         158     7.49043     7.63411   0.0757393
         159      7.7109     7.63459   0.0752645
         160     7.90214     7.63626   0.0748127
         161     7.76317     7.63705   0.0743521
         162     8.05223     7.63961   0.0739373
         163     7.92841     7.64138    0.073505
         164     7.83981     7.64259   0.0730667
         165     7.61048      7.6424   0.0726241
         166     7.52313     7.64168   0.0721902
         167     7.67278     7.64187   0.0717582
         168     7.61451      7.6417   0.0713312
         169     7.36733     7.64008   0.0709276
         170     7.43474     7.63887   0.0705207
         171     7.65729     7.63898   0.0701084
         172     7.70254     7.63935   0.0697017
         173     8.00735     7.64148   0.0693313
         174     8.70745      7.6476    0.069203
         175     8.19986     7.65076   0.0688794
         176     7.83267     7.65179   0.0684958
         177     7.40487      7.6504    0.068123
         178     7.60322     7.65013   0.0677408
         179     7.39038     7.64868   0.0673779
         180     7.34454     7.64699   0.0670248
         181     7.29626     7.64505   0.0666825
         182     7.81325     7.64598   0.0663225
         183     7.84255     7.64705   0.0659688
         184     7.71706     7.64743   0.0656114
         185     7.96184     7.64913   0.0652787
         186     8.08765     7.65149   0.0649703
         187      8.0232     7.65348   0.0646533
         188     8.38943     7.65739   0.0644278
         189     7.89549     7.65865   0.0640992
         190     7.69684     7.65885   0.0637622
         191     8.26016       7.662    0.063506
         192     7.34474     7.66035   0.0631967
         193     7.45511     7.65929   0.0628782
         194     7.87754     7.66041   0.0625642
         195     7.90627     7.66167   0.0622561
         196     7.95072     7.66315   0.0619559
         197     7.96315     7.66467   0.0616601
         198     7.86882      7.6657   0.0613573
         199     7.35525     7.66414   0.0610688
         200     7.34041     7.66252   0.0607849
         201     7.22859     7.66036   0.0605208
         202      7.4582     7.65936   0.0602295
         203     8.10486     7.66156   0.0599728
         204     7.91557      7.6628   0.0596917
         205     8.06327     7.66476   0.0594325
         206     7.87579     7.66578   0.0591528
         207     7.83318     7.66659   0.0588726
         208     7.79819     7.66722   0.0585929
         209     8.02523     7.66893   0.0583376
         210     8.35456      7.6722   0.0581511
         211     8.27303     7.67505   0.0579452
         212     7.76699     7.67548   0.0576735
         213     7.53837     7.67484   0.0574063
         214     7.42017     7.67365   0.0571504
         215     7.01583     7.67059   0.0569664
         216     7.03668     7.66765   0.0567782
         217     7.22455     7.66561   0.0565533
         218     7.27021      7.6638   0.0563229
         219     7.04044     7.66095   0.0561376
         220     7.63956     7.66085   0.0558825
         221     7.42129     7.65977   0.0556402
         222      7.4683     7.65891   0.0553963
         223     7.05471      7.6562   0.0552141
         224     7.81947     7.65693   0.0549724
         225     8.06032     7.65872   0.0547573
         226     7.93791     7.65995   0.0545289
         227     8.11057     7.66194   0.0543248
         228     8.65461     7.66629   0.0542608
         229     8.34282     7.66925   0.0541042
         230     7.74959      7.6696   0.0538701
         231     7.37716     7.66833   0.0536517
         232     7.44997     7.66739   0.0534287
         233     7.26429     7.66566   0.0532274
         234     7.28442     7.66403   0.0530249
         235     7.49561     7.66331   0.0528041
         236     7.22368     7.66145   0.0526132
         237     7.26092     7.65976   0.0524183
         238     7.34982     7.65846   0.0522143
         239     7.84574     7.65924   0.0520017
         240     7.84673     7.66002   0.0517909
         241       7.655        7.66    0.051576
         242      7.7729     7.66047    0.051365
         243     7.42719     7.65951   0.0511625
         244     7.67766     7.65958   0.0509529
         245      7.5785     7.65925    0.050746
         246     7.74188     7.65959   0.0505408
         247     7.72264     7.65984   0.0503369
         248     8.00783     7.66125   0.0501535
         249     8.21851     7.66348   0.0500019
         250      8.4896     7.66679    0.049911
         251     9.08808     7.67245   0.0500323
         252     8.86475     7.67718    0.050057
         253     8.51666      7.6805    0.049969
         254     8.34037      7.6831   0.0498398
         255     8.56084     7.68654    0.049763
         256     8.75338     7.69071   0.0497428
         257     8.45303     7.69367   0.0496377
         258     8.73649     7.69772   0.0496095
         259     7.93756     7.69864   0.0494266
         260     7.74939     7.69884   0.0492369
         261     7.56664     7.69833   0.0490509
         262     7.36688     7.69707     0.04888
         263     7.60251     7.69671   0.0486955
         264     7.52893     7.69607   0.0485151
         265      7.4554     7.69516   0.0483406
         266     7.63276     7.69493   0.0481594
         267     7.48533     7.69414   0.0479854
         268     7.74225     7.69432   0.0478067
         269     7.59448     7.69395   0.0476304
         270     7.59037     7.69357   0.0474556
         271     7.42504     7.69258   0.0472908
         272     7.62898     7.69234   0.0471175
         273     7.68291     7.69231   0.0469449
         274      7.5159     7.69166    0.046778
         275     6.98232     7.68909    0.046679
         276     7.48381     7.68834   0.0465158
         277     7.86329     7.68897   0.0463521
         278     7.65343     7.68885   0.0461856
         279     7.25287     7.68728   0.0460465
         280     7.21766     7.68561   0.0459126
         281     7.42129     7.68466   0.0457588
         282     7.20482     7.68296   0.0456282
         283     7.86422      7.6836   0.0454714
         284     7.69553     7.68365   0.0453113
         285     7.81703     7.68411   0.0451548
         286      7.6018     7.68383   0.0449978
         287     7.55928     7.68339   0.0448431
         288     7.75619     7.68364   0.0446881
         289     7.88979     7.68436   0.0445392
         290     8.17921     7.68606   0.0444183
         291     8.04961     7.68731   0.0442832
         292     8.35226     7.68959   0.0441901
         293     8.41033     7.69205   0.0441076
         294      8.0628     7.69331   0.0439756
         295     7.79345     7.69365   0.0438279
         296     7.61089     7.69337   0.0436807
         297     7.56214     7.69293   0.0435359
         298     7.59385      7.6926    0.043391
         299     7.66692     7.69251    0.043246
         300     7.58098     7.69214   0.0431035
         301     7.95678     7.69302   0.0429692
         302     8.22775     7.69479   0.0428634
         303      8.5843     7.69773   0.0428224
         304     8.15136     7.69922   0.0427075
         305     8.32559     7.70127   0.0426168
         306      8.0715     7.70248   0.0424947
         307     8.02217     7.70352    0.042369
         308     8.12608     7.70489   0.0422537
         309     8.00596     7.70587   0.0421282
         310     8.42834      7.7082   0.0420567
         311     8.39259      7.7104    0.041979
         312     7.88094     7.71095    0.041848
         313     7.72294     7.71098   0.0417143
         314     8.11478     7.71227   0.0416013
         315     8.01853     7.71324   0.0414806
         316     8.25091     7.71494   0.0413842
         317     8.51279     7.71746   0.0413301
         318      8.1641     7.71887    0.041224
         319      8.1207     7.72013    0.041114
         320     8.23662     7.72174   0.0410172
         321     8.27233     7.72345   0.0409253
         322     8.45238     7.72572   0.0408607
         323     8.06197     7.72676   0.0407475
         324     7.73358     7.72678   0.0406217
         325     7.35553     7.72564   0.0405128
         326     7.83221     7.72597   0.0403898
         327     7.67059      7.7258   0.0402667
         328     7.54637     7.72525   0.0401476
         329     7.55631     7.72474   0.0400289
         330     7.48163       7.724   0.0399144
         331     7.21972     7.72248   0.0398228
         332     7.00594     7.72032   0.0397613
         333      6.7069     7.71727   0.0397582
         334     7.05164     7.71528   0.0396891
         335     6.78956     7.71252   0.0396667
         336     6.84286     7.70993    0.039633
         337     6.78861      7.7072   0.0396096
         338     6.87427     7.70473    0.039569
         339     7.26287     7.70343   0.0394737
         340     7.47405     7.70275   0.0393634
         341     7.22171     7.70134   0.0392732
         342     7.51819     7.70081    0.039162
         343     7.43352     7.70003   0.0390556
         344     7.30239     7.69887   0.0389592
         345     7.24966     7.69757    0.038868
         346     7.12666     7.69592   0.0387907
         347     6.80685     7.69336   0.0387634
         348     7.17484     7.69187   0.0386807
         349     7.43536     7.69113   0.0385768
         350      7.4193     7.69036   0.0384744
         351     7.68808     7.69035   0.0383648
         352     7.79606     7.69065    0.038257
         353      7.6923     7.69065   0.0381486
         354     7.65835     7.69056   0.0380409
         355      7.7557     7.69075   0.0379342
         356     7.33068     7.68973   0.0378412
         357     7.46925     7.68912   0.0377402
         358     7.51133     7.68862    0.037638
         359     7.66342     7.68855   0.0375333
         360     7.51021     7.68806   0.0374323
         361     7.30596       7.687   0.0373435
         362     7.58876     7.68673   0.0372414
         363     7.89396      7.6873   0.0371432
         364     7.63409     7.68715   0.0370414
         365      7.7065      7.6872     0.03694
         366     7.37631     7.68635   0.0368488
         367     7.39667     7.68556   0.0367568
         368     6.76447     7.68306   0.0367421
         369     6.74431     7.68052   0.0367305
         370     6.94933     7.67854   0.0366843
         371     7.40489      7.6778   0.0365929
         372     7.65948     7.67775   0.0364945
         373     7.14475     7.67633   0.0364247
         374     7.64428     7.67624   0.0363274
         375     7.76614     7.67648   0.0362313
         376     7.32707     7.67555   0.0361468
         377     7.32687     7.67463   0.0360628
         378     7.50365     7.67417   0.0359702
         379     7.33601     7.67328   0.0358864
         380     7.19874     7.67203   0.0358137
         381     7.80536     7.67238   0.0357214
         382     7.08395     7.67084   0.0356611
         383     7.19305     7.66959   0.0355898
         384     7.59239     7.66939   0.0354976
         385     6.93358     7.66748   0.0354569
         386     7.15164     7.66615   0.0353902
         387     6.69803     7.66364    0.035387
         388     7.04364     7.66205   0.0353319
         389     7.30007     7.66112   0.0352533
         390     7.54633     7.66082   0.0351641
         391     7.64661     7.66078   0.0350742
         392     6.85107     7.65872   0.0350455
         393     6.84753     7.65665   0.0350171
         394     6.71794     7.65427   0.0350092
         395     7.10117     7.65287   0.0349485
         396      7.1715     7.65166   0.0348814
         397     7.20845     7.65054   0.0348114
         398     7.05811     7.64905   0.0347558
         399     7.01384     7.64746   0.0347051
         400     7.02622     7.64591   0.0346531
         401     6.71637     7.64359   0.0346441
         402     6.63898     7.64109   0.0346479
         403     7.05319     7.63963   0.0345926
         404     7.20794     7.63856   0.0345235
         405     7.43127     7.63805   0.0344421
         406     7.54844     7.63783   0.0343579
         407     7.61327     7.63777   0.0342736
         408     7.45304     7.63732   0.0341926
         409     7.45983     7.63688   0.0341117
         410     7.55343     7.63668   0.0340291
         411     7.74053     7.63693   0.0339473
         412     7.54739     7.63671   0.0338656
         413     7.54135     7.63648   0.0337844
         414     7.26354     7.63558   0.0337148
         415     7.34482     7.63488   0.0336408
         416     7.17522     7.63378   0.0335781
         417     7.17509     7.63268   0.0335156
         418     6.87008     7.63085    0.033485
         419      6.9529     7.62923   0.0334442
         420     7.09901     7.62797   0.0333883
         421     7.16881     7.62688   0.0333268
         422     7.07593     7.62558   0.0332734
         423     7.04315      7.6242   0.0332232
         424      7.4767     7.62385   0.0331467
         425     7.85676      7.6244   0.0330733
         426     7.35746     7.62377   0.0330016
         427     7.35915     7.62315   0.0329301
         428     7.37012     7.62256   0.0328584
         429     7.14771     7.62145   0.0328005
         430     7.09251     7.62022   0.0327473
         431     7.09578     7.61901   0.0326939
         432     7.27932     7.61822   0.0326277
         433     7.56271     7.61809   0.0325526
         434     7.96326     7.61889   0.0324873
         435     8.33847     7.62054   0.0324547
         436     8.23151     7.62194   0.0324105
         437     8.08454       7.623   0.0323536
         438     8.32609     7.62461   0.0323195
         439       8.074     7.62563   0.0322621
         440     8.05782     7.62661   0.0322037
         441     8.20222     7.62792   0.0321572
         442     8.84933     7.63068   0.0322029
         443     8.69548     7.63309   0.0322198
         444     8.24776     7.63447    0.032177
         445     8.07518     7.63546   0.0321199
         446     8.17802     7.63668   0.0320709
         447     7.76147     7.63696   0.0320004
         448     7.85665     7.63745   0.0319327
         449     7.79489      7.6378   0.0318635
         450      7.8176      7.6382   0.0317952
         451     7.63133     7.63818   0.0317247
         452     7.78405      7.6385   0.0316562
         453     7.73777     7.63872    0.031587
         454     7.30361     7.63799   0.0315261
         455     7.48991     7.63766   0.0314585
         456     7.68339     7.63776   0.0313896
         457     7.83385     7.63819   0.0313239
         458      7.6554     7.63823   0.0312555
         459     7.71672      7.6384   0.0311879
         460     7.68582      7.6385   0.0311203
         461     7.71454     7.63867   0.0310532
         462     7.40951     7.63817   0.0309899
         463     7.63027     7.63815    0.030923
         464     7.48755     7.63783   0.0308581
         465     7.66439     7.63789   0.0307918
         466     7.81378     7.63826    0.030728
         467     7.88585     7.63879   0.0306668
         468     7.41164     7.63831   0.0306051
         469     6.94857     7.63684   0.0305752
         470     7.10416      7.6357   0.0305311
         471     7.43226     7.63527   0.0304693
         472      7.2002     7.63435   0.0304187
         473      7.0944     7.63321   0.0303758
         474     6.99093     7.63185   0.0303419
         475     7.95813     7.63254   0.0302858
         476     8.15953     7.63365   0.0302424
         477     7.54473     7.63346   0.0301796
         478     7.61851     7.63343   0.0301165
         479     7.43897     7.63302   0.0300564
         480      7.3417     7.63242   0.0299999
         481     7.86467      7.6329   0.0299414
         482     7.55083     7.63273   0.0298797
         483     6.91732     7.63125   0.0298546
         484     7.15298     7.63026   0.0298092
         485     6.71767     7.62838   0.0298071
         486      6.6146     7.62629   0.0298187
         487     6.48182     7.62394   0.0298499
         488     6.30196     7.62123   0.0299114
         489     6.73516     7.61942   0.0299051
         490      6.2923     7.61671   0.0299664
         491     6.76954     7.61499    0.029955
         492     6.74233     7.61321   0.0299466
         493     6.88015     7.61173   0.0299228
         494     7.10563      7.6107   0.0298797
         495     6.77549     7.60902    0.029867
         496     6.80469     7.60739   0.0298507
         497     6.65058     7.60547   0.0298527
         498     6.54732     7.60334   0.0298683
         499     6.67475     7.60148   0.0298663
         500     6.75435     7.59979   0.0298546
         501     7.29633     7.59918   0.0298012
         502     7.38241     7.59875   0.0297449
         503     7.34595     7.59825     0.02969
         504     7.42403      7.5979   0.0296331
         505     7.38644     7.59748   0.0295774
         506     7.39908     7.59709   0.0295216
         507     7.23589     7.59638   0.0294719
         508     7.33077     7.59586   0.0294186
         509         7.7     7.59606   0.0293615
         510      7.6042     7.59608   0.0293039
         511     7.32643     7.59555   0.0292513
         512     7.51077     7.59538   0.0291947
         513     7.55585     7.59531   0.0291378
         514     7.42627     7.59498    0.029083
         515      7.4969     7.59479   0.0290272
         516     7.80609      7.5952   0.0289738
         517     7.26542     7.59456   0.0289248
         518     7.26735     7.59393   0.0288758
         519     7.22323     7.59321    0.028829
         520     7.54818     7.59313   0.0287737
         521     7.34687     7.59265   0.0287224
         522     7.40074     7.59229   0.0286697
         523     7.53359     7.59217   0.0286151
         524      7.8834     7.59273   0.0285659
         525     7.83039     7.59318   0.0285151
         526     8.11464     7.59417   0.0284781
         527     8.31962     7.59555   0.0284573
         528     8.38273     7.59704   0.0284424
         529      8.4405     7.59864   0.0284333
         530     8.69614     7.60071    0.028455
         531     8.29686     7.60202   0.0284316
         532     7.80706      7.6024   0.0283807
         533     7.95368     7.60306   0.0283351
         534     7.55359     7.60297   0.0282822
         535     7.07807     7.60199   0.0282464
         536     7.46385     7.60173   0.0281949
         537     7.97645     7.60243    0.028151
         538     7.74354     7.60269   0.0280999
         539     7.74304     7.60295    0.028049
         540     8.09747     7.60387    0.028012
         541     7.94495      7.6045   0.0279673
         542      8.1734     7.60555   0.0279354
         543     7.93963     7.60616   0.0278907
         544      8.4552     7.60772   0.0278831
         545     8.00022     7.60844   0.0278412
         546     8.22606     7.60957   0.0278132
         547     7.67044     7.60969   0.0277626
         548     7.47141     7.60943    0.027713
         549     7.65649     7.60952   0.0276627
         550     7.60626     7.60951   0.0276124
         551     7.54316     7.60939   0.0275625
         552     7.44264     7.60909   0.0275143
         553     7.78496     7.60941   0.0274664
         554     7.90541     7.60994    0.027422
         555     8.02309     7.61069   0.0273827
         556      7.8539     7.61112   0.0273369
         557     7.99641     7.61182   0.0272966
         558     8.10012     7.61269   0.0272617
         559     8.38019     7.61406   0.0272475
         560     8.10199     7.61494   0.0272127
         561     8.48197     7.61648   0.0272081
         562     7.92097     7.61702   0.0271651
         563      7.9931     7.61769    0.027125
         564     8.19738     7.61872   0.0270964
         565      7.8696     7.61916   0.0270521
         566     7.30141      7.6186   0.0270101
         567     7.44662      7.6183   0.0269642
         568     8.01176     7.61899   0.0269256
         569     8.19405        7.62   0.0268972
         570     8.36971     7.62132   0.0268822
         571     7.76392     7.62157   0.0268363
         572     7.59372     7.62152   0.0267894
         573     7.52382     7.62135   0.0267432
         574     7.86516     7.62177      0.0267
         575     7.68946     7.62189   0.0266538
         576      7.3188     7.62136   0.0266127
         577     7.14715     7.62054   0.0265793
         578     7.49298     7.62032   0.0265342
         579     7.57515     7.62024   0.0264885
         580     7.49391     7.62003   0.0264437
         581     7.24733     7.61938    0.026406
         582     7.31772     7.61887   0.0263657
         583     6.82658     7.61751   0.0263555
         584     6.96853      7.6164   0.0263338
         585      7.2999     7.61585   0.0262943
         586     7.35273     7.61541   0.0262533
         587     6.65819     7.61377   0.0262591
         588     6.89378     7.61255    0.026243
         589     6.88156     7.61131   0.0262278
         590      6.9018     7.61011   0.0262109
         591     7.44308     7.60982   0.0261681
         592     7.26389     7.60924   0.0261304
         593     7.07194     7.60833    0.026102
         594      6.7364     7.60687   0.0260993
         595     6.86038     7.60561   0.0260856
         596      7.2475     7.60501   0.0260487
         597     7.17568     7.60429    0.026015
         598     7.06627     7.60339   0.0259871
         599     7.20854     7.60273   0.0259521
         600     6.57848     7.60102   0.0259649
         601     7.24708     7.60044   0.0259284
         602     7.20047     7.59977   0.0258938
         603     7.17402     7.59907   0.0258605
         604     7.24111     7.59847   0.0258245
         605     7.45519     7.59824   0.0257829
         606     7.90831     7.59875   0.0257454
         607     8.18645     7.59972   0.0257212
         608     7.88051     7.60018    0.025683
         609     7.80952     7.60052   0.0256432
         610     7.54957     7.60044   0.0256013
         611     7.18088     7.59975   0.0255686
         612     6.88775     7.59859   0.0255532
         613     6.99591      7.5976   0.0255305
         614     7.41087      7.5973   0.0254907
         615     7.32406     7.59686   0.0254531
         616      7.6076     7.59687   0.0254118
         617     7.43219     7.59661    0.025372
         618     7.41988     7.59632   0.0253326
         619     7.21174      7.5957   0.0252993
         620     7.23738     7.59512   0.0252651
         621     7.05065     7.59424   0.0252396
         622     6.98019     7.59326   0.0252183
         623     7.23454     7.59268   0.0251844
         624     7.18169     7.59202   0.0251526
         625      7.3051     7.59156   0.0251166
         626     7.52221     7.59145   0.0250767
         627     7.54625     7.59138   0.0250368
         628     7.60731     7.59141    0.024997
         629     7.52862     7.59131   0.0249574
         630     7.27045      7.5908    0.024923
         631     7.57794     7.59078   0.0248835
         632     7.82254     7.59114   0.0248468
         633     7.67648     7.59128    0.024808
         634     7.85124     7.59169   0.0247722
         635     7.60502     7.59171   0.0247332
         636     7.93581     7.59225   0.0247002
         637     8.05649     7.59298   0.0246722
         638     8.45846     7.59434   0.0246708
         639     8.15797     7.59522    0.024648
         640     8.38686     7.59646   0.0246405
         641     8.00532     7.59709   0.0246103
         642     7.95109     7.59764   0.0245781
         643      7.7866     7.59794   0.0245417
         644      8.2872     7.59901   0.0245269
         645     7.65341     7.59909    0.024489
         646     7.71124     7.59927   0.0244517
         647      7.1282     7.59854   0.0244247
         648     6.98023     7.59758   0.0244057
         649     7.35376     7.59721    0.024371
         650     7.66817     7.59732   0.0243337
         651     8.15577     7.59818   0.0243115
         652     8.07342      7.5989   0.0242851
         653     8.21345     7.59985   0.0242661
         654     8.26804     7.60087   0.0242505
         655     7.95453     7.60141   0.0242195
         656     8.02097     7.60205    0.024191
         657     8.07425     7.60277   0.0241649
         658     8.21061     7.60369   0.0241458
         659     8.31301     7.60477   0.0241332
         660     8.41018     7.60599   0.0241274
         661      8.6938     7.60763    0.024147
         662     8.37824      7.6088   0.0241386
         663      8.0792     7.60951   0.0241126
         664     7.63631     7.60955   0.0240763
         665     7.44102     7.60929   0.0240414
         666     7.25935     7.60877   0.0240111
         667      7.3813     7.60843   0.0239775
         668     8.04807     7.60908   0.0239506
         669      7.8727     7.60948   0.0239181
         670     6.94213     7.60848   0.0239031
         671     6.72756     7.60717   0.0239035
         672     6.64874     7.60574   0.0239104
         673     6.98007     7.60481    0.023893
         674     7.09543     7.60406   0.0238695
         675       7.224     7.60349   0.0238408
         676     7.08758     7.60273   0.0238177
         677     7.41104     7.60245   0.0237842
         678     7.17224     7.60181   0.0237576
         679     6.93458     7.60083   0.0237429
         680     6.92357     7.59983   0.0237289
         681     6.52539     7.59826   0.0237464
         682     7.02449     7.59742   0.0237265
         683     6.64982     7.59603   0.0237323
         684     6.50634     7.59444    0.023751
         685     6.52638     7.59288   0.0237675
         686     6.43297     7.59119   0.0237929
         687     6.70206     7.58989   0.0237934
         688     6.82426     7.58878   0.0237848
         689     6.85214     7.58771   0.0237743
         690     7.46105     7.58753   0.0237406
         691     7.52061     7.58743   0.0237064
         692     7.23984     7.58693   0.0236775
         693     6.66004     7.58559   0.0236811
         694     6.96794      7.5847   0.0236637
         695     6.96432     7.58381   0.0236465
         696     7.04548     7.58303   0.0236251
         697     6.95739     7.58214   0.0236083
         698     7.10662     7.58145   0.0235843
         699     7.13507     7.58082   0.0235592
         700     7.49653     7.58069   0.0235258
         701     7.38598     7.58042   0.0234939
         702     7.45728     7.58024   0.0234611
         703     7.51842     7.58015   0.0234279
         704     7.48079     7.58001    0.023395
         705      7.3523     7.57969   0.0233641
         706     7.13673     7.57906   0.0233394
         707     7.29097     7.57865     0.02331
         708     7.28174     7.57824   0.0232808
         709     7.42039     7.57801    0.023249
         710     7.18625     7.57746   0.0232228
         711     7.13426     7.57684   0.0231985
         712     7.01371     7.57605   0.0231794
         713     7.24717     7.57559   0.0231515
         714     7.55547     7.57556   0.0231191
         715     7.67267     7.57569   0.0230872
         716     8.02514     7.57632   0.0230635
         717     7.98808     7.57689   0.0230384
         718     8.01631     7.57751   0.0230145
         719     7.91812     7.57798   0.0229874
         720      8.4243     7.57916   0.0229855
         721     8.59085     7.58056   0.0229964
         722     8.19503     7.58141   0.0229803
         723     8.10443     7.58213   0.0229599
         724     7.58213     7.58213   0.0229281
         725     7.23383     7.58165   0.0229016
         726     7.15178     7.58106   0.0228777
         727     7.38543     7.58079   0.0228478
         728     7.47695     7.58065   0.0228168
         729     7.00686     7.57986   0.0227991
         730     7.33601     7.57953   0.0227703
         731     7.35458     7.57922   0.0227413
         732     7.57902     7.57922   0.0227102
         733     7.86674     7.57961   0.0226826
         734     8.22495     7.58049   0.0226687
         735     8.24812      7.5814   0.0226561
         736     8.25585     7.58232   0.0226438
         737     8.02286     7.58291    0.022621
         738     8.40268     7.58403   0.0226176
         739      8.4963     7.58526   0.0226206
         740     8.41338     7.58638   0.0226177
         741     7.97048      7.5869   0.0225932
         742     8.38116     7.58797    0.022588
         743     7.91596     7.58841    0.022562
         744     7.25302     7.58796   0.0225361
         745     7.74691     7.58817   0.0225069
         746     7.47431     7.58802   0.0224772
         747     7.49301     7.58789   0.0224475
         748     7.84837     7.58824   0.0224202
         749     7.40695       7.588   0.0223916
         750     7.30397     7.58762   0.0223649
         751     7.14078     7.58702   0.0223431
         752     7.25355     7.58658   0.0223177
         753     7.48015     7.58644   0.0222886
         754     7.77249     7.58669   0.0222604
         755     7.32688     7.58634   0.0222335
         756     7.05731     7.58564   0.0222151
         757     7.27492     7.58523   0.0221896
         758     7.03154      7.5845   0.0221723
         759     7.21652     7.58402   0.0221484
         760     7.18792      7.5835   0.0221254
         761     7.20173     7.58299    0.022102
         762      6.9834     7.58221    0.022087
         763     6.86224     7.58126   0.0220782
         764     7.22862      7.5808   0.0220541
         765     7.64164     7.58088   0.0220255
         766     7.00146     7.58012   0.0220097
         767     6.90038     7.57924   0.0219988
         768     6.98724     7.57847   0.0219837
         769     7.14576      7.5779   0.0219623
         770     7.56632     7.57789   0.0219338
         771     7.55356     7.57786   0.0219054
         772     7.01893     7.57713   0.0218889
         773     6.48984     7.57573   0.0219058
         774     6.07101     7.57378   0.0219636
         775     6.64684     7.57259   0.0219678
         776     6.58235     7.57131   0.0219765
         777     6.49454     7.56993   0.0219919
         778     6.48749     7.56853   0.0220076
         779     6.55149     7.56723    0.022018
         780     6.54989     7.56592   0.0220284
         781     6.69866     7.56481   0.0220281
         782     6.95527     7.56403   0.0220137
         783      6.8763     7.56316   0.0220032
         784     7.01485     7.56246   0.0219862
         785     7.20631       7.562   0.0219629
         786     7.54826     7.56199   0.0219349
         787      8.2274     7.56283   0.0219234
         788     8.28249     7.56374   0.0219145
         789      8.4112     7.56482   0.0219131
         790      8.1606     7.56557   0.0218983
         791     8.08004     7.56622   0.0218803
         792     8.85047     7.56784   0.0219127
         793     8.68057     7.56925   0.0219299
         794     8.56587      7.5705   0.0219382
         795     8.05674     7.57111   0.0219191
         796     8.01024     7.57167   0.0218985
         797     8.01234     7.57222    0.021878
         798     7.86395     7.57258   0.0218537
         799     8.23019     7.57341   0.0218418
         800     7.81724     7.57371   0.0218166
         801     8.00048     7.57425   0.0217959
         802     7.60717     7.57429   0.0217687
         803     7.40969     7.57408   0.0217426
         804     7.79876     7.57436   0.0217174
         805     7.36378      7.5741    0.021692
         806     7.19445     7.57363   0.0216702
         807     6.81701     7.57269   0.0216636
         808     7.34857     7.57241   0.0216385
         809     7.58876     7.57243   0.0216118
         810     7.56993     7.57243   0.0215851
         811     7.37761     7.57219   0.0215598
         812     7.52188     7.57213   0.0215334
         813     6.97262     7.57139   0.0215195
         814      6.8751     7.57054   0.0215101
         815     7.11787     7.56998   0.0214909
         816     7.41282     7.56979   0.0214654
         817     7.27968     7.56943    0.021442
         818     6.96422     7.56869   0.0214286
         819     7.01656     7.56802    0.021413
         820     6.86017     7.56716   0.0214043
         821     6.97816     7.56644   0.0213903
         822     7.33779     7.56616    0.021366
         823     7.10662      7.5656   0.0213474
         824     7.27932     7.56525   0.0213243
         825     7.08827     7.56468   0.0213063
         826     6.93183     7.56391   0.0212943
         827     7.34831     7.56365   0.0212701
         828      8.0625     7.56425   0.0212529
         829     7.88938     7.56464   0.0212309
         830     7.76564     7.56489   0.0212067
         831     7.47405     7.56478   0.0211815
         832     7.11664     7.56424   0.0211629
         833     7.32715     7.56395   0.0211394
         834     7.55544     7.56394    0.021114
         835     7.64529     7.56404    0.021089
         836     7.56922     7.56405   0.0210638
         837     7.49276     7.56396   0.0210388
         838     7.92443     7.56439   0.0210181
         839     7.39495     7.56419    0.020994
         840     8.08074      7.5648    0.020978
         841     8.36935     7.56576   0.0209748
         842     8.63375     7.56703   0.0209882
         843     7.89116     7.56741   0.0209669
         844     7.53391     7.56737   0.0209421
         845     6.96158     7.56666   0.0209296
         846     7.09568      7.5661   0.0209122
         847     7.71699     7.56628   0.0208883
         848       8.057     7.56686   0.0208717
         849      7.7341     7.56705    0.020848
         850     7.69203      7.5672    0.020824
         851     7.53517     7.56716   0.0207996
         852     7.37379     7.56694   0.0207764
         853      7.4638     7.56682   0.0207524
         854     7.72136       7.567   0.0207289
         855     7.59622     7.56703   0.0207047
         856     7.58897     7.56706   0.0206805
         857     7.51264     7.56699   0.0206565
         858     7.55747     7.56698   0.0206324
         859      7.4005     7.56679   0.0206093
         860     6.98484     7.56611   0.0205964
         861     6.68125     7.56508   0.0205981
         862     7.23816      7.5647   0.0205777
         863     7.42893     7.56455   0.0205545
         864     7.49706     7.56447   0.0205308
         865     7.17362     7.56402   0.0205121
         866     6.94347      7.5633   0.0205009
         867     6.85917     7.56249   0.0204933
         868     6.97378     7.56181   0.0204809
         869     6.92536     7.56108   0.0204705
         870     6.81347     7.56022    0.020465
         871     7.07568     7.55966    0.020449
         872     7.32479     7.55939   0.0204273
         873     7.09504     7.55886   0.0204109
         874     6.93232     7.55814   0.0204001
         875     6.88979     7.55738   0.0203911
         876     7.26016     7.55704   0.0203706
         877     7.24674     7.55669   0.0203505
         878      7.5097     7.55663   0.0203274
         879       7.808     7.55692   0.0203063
         880     7.73688     7.55712   0.0202842
         881     7.83748     7.55744   0.0202637
         882     7.75544     7.55767   0.0202419
         883      7.4745     7.55757   0.0202192
         884     7.10937     7.55707   0.0202027
         885     6.94144     7.55637   0.0201919
         886     7.25214     7.55603    0.020172
         887     6.77715     7.55515   0.0201684
         888     6.80585      7.5543   0.0201633
         889     7.34894     7.55407   0.0201419
         890     7.41781     7.55392   0.0201199
         891     7.35461      7.5537   0.0200985
         892     7.96213     7.55415   0.0200812
         893     8.11399     7.55478   0.0200685
         894     7.43928     7.55465   0.0200465
         895     7.66746     7.55478   0.0200245
         896      7.3413     7.55454   0.0200036
         897     7.37534     7.55434   0.0199823
         898     7.67272     7.55447   0.0199604
         899     6.91728     7.55376   0.0199508
         900     6.62694     7.55273   0.0199552
         901     7.10427     7.55224   0.0199393
         902     7.02039     7.55165   0.0199259
         903     7.03597     7.55108    0.019912
         904     7.09008     7.55057   0.0198965
         905     7.08408     7.55005   0.0198812
         906     6.76766     7.54919    0.019878
         907     6.97663     7.54856   0.0198661
         908     7.07954     7.54804   0.0198509
         909     6.72251     7.54713   0.0198499
         910     7.01157     7.54654   0.0198368
         911     6.85603     7.54578   0.0198295
         912     6.96179     7.54514   0.0198181
         913     7.41831       7.545   0.0197968
         914     7.31153     7.54475   0.0197768
         915     7.37798     7.54457   0.0197561
         916     7.21755     7.54421   0.0197377
         917     7.05851     7.54368   0.0197233
         918     6.69204     7.54275   0.0197236
         919     6.87974     7.54203   0.0197153
         920     7.11855     7.54157   0.0196993
         921      6.8342      7.5408   0.0196929
         922     7.13962     7.54037   0.0196763
         923     7.09465     7.53988   0.0196609
         924     7.13457     7.53945   0.0196445
         925     7.38059     7.53927    0.019624
         926     7.06213     7.53876   0.0196096
         927     7.41242     7.53862   0.0195889
         928     7.44582     7.53852   0.0195681
         929     7.71984     7.53872    0.019548
         930     7.65844     7.53885   0.0195274
         931     7.93325     7.53927    0.019511
         932     8.23386     7.54002   0.0195043
         933     7.45085     7.53992   0.0194836
         934     7.25228     7.53961   0.0194652
         935     7.61223     7.53969   0.0194446
         936     7.95906     7.54014   0.0194289
         937     7.77993     7.54039   0.0194099
         938     7.97353     7.54086   0.0193947
         939     7.68272     7.54101   0.0193746
         940     7.55383     7.54102    0.019354
         941     7.74491     7.54124   0.0193347
         942     7.88262      7.5416   0.0193175
         943     7.54412      7.5416    0.019297
         944     7.49864     7.54156   0.0192767
         945     7.38265     7.54139    0.019257
         946     7.63479     7.54149   0.0192369
         947     7.94405     7.54191   0.0192213
         948     7.95121     7.54234   0.0192058
         949     7.79246     7.54261   0.0191874
         950      7.7386     7.54281   0.0191683
         951     7.64105     7.54292   0.0191485
         952     7.61142     7.54299   0.0191285
         953     7.38819     7.54283   0.0191091
         954     7.75376     7.54305   0.0190903
         955     7.55924     7.54306   0.0190704
         956     7.38404      7.5429   0.0190511
         957     7.81646     7.54318   0.0190334
         958      7.7224     7.54337   0.0190144
         959     7.81651     7.54366   0.0189967
         960     8.30309     7.54445   0.0189934
         961     8.37852     7.54532   0.0189935
         962     7.91616      7.5457   0.0189776
         963     7.94751     7.54612   0.0189625
         964     7.96193     7.54655   0.0189477
         965     7.87967     7.54689   0.0189313
         966     8.19935     7.54757   0.0189237
         967     8.04512     7.54808   0.0189111
         968     8.09025     7.54864   0.0188999
         969     7.84873     7.54895   0.0188829
         970     7.95435     7.54937   0.0188681
         971     7.94364     7.54978    0.018853
         972     7.87687     7.55011   0.0188366
         973     8.21544      7.5508   0.0188297
         974      8.4047     7.55168   0.0188307
         975     8.38165     7.55253   0.0188306
         976      8.3733     7.55337   0.0188301
         977       8.599     7.55444   0.0188412
         978     9.02429     7.55594   0.0188818
         979     8.57703     7.55698   0.0188913
         980     8.16843     7.55761   0.0188823
         981     8.53683     7.55861   0.0188895
         982      8.6357      7.5597    0.018902
         983     8.40716     7.56056   0.0189025
         984     8.28688      7.5613   0.0188977
         985     8.54562      7.5623   0.0189049
         986     8.27176     7.56302   0.0188994
         987     8.08473     7.56355   0.0188876
         988     7.85194     7.56384   0.0188708
         989     7.30162     7.56358   0.0188536
         990     7.49396     7.56351   0.0188346
         991     7.70884     7.56365   0.0188162
         992     8.12919     7.56422   0.0188059
         993     8.14602     7.56481   0.0187961
         994     7.90839     7.56515   0.0187803
         995     7.40624       7.565   0.0187621
         996     8.01822     7.56545   0.0187488
         997     7.77413     7.56566   0.0187312
         998     7.30716      7.5654   0.0187142
         999     7.55068     7.56539   0.0186955
        1000     7.89611     7.56572   0.0186797
        1001     7.86415     7.56601   0.0186634
        1002     7.67679     7.56613   0.0186451
        1003     7.70443     7.56626    0.018627
        1004     7.50284      7.5662   0.0186086
        1005     7.30654     7.56594   0.0185919
        1006      7.2113     7.56559   0.0185767
        1007     7.63373     7.56566   0.0185584
        1008      7.5271     7.56562     0.01854
        1009      7.1495     7.56521   0.0185262
        1010     7.13904     7.56478   0.0185127
        1011     6.86425     7.56409   0.0185074
        1012     6.43312     7.56297   0.0185228
        1013     6.57867       7.562     0.01853
        1014     6.68525     7.56114   0.0185319
        1015     7.12889     7.56071   0.0185185
        1016      7.2442      7.5604   0.0185029
        1017     7.12136     7.55997   0.0184897
        1018     6.89474     7.55931   0.0184831
        1019     7.58265     7.55934    0.018465
        1020     7.90192     7.55967   0.0184499
        1021     8.08182     7.56018   0.0184389
        1022     7.94468     7.56056   0.0184247
        1023     8.17035     7.56116   0.0184164
        1024     8.19502     7.56178   0.0184088
        1025     8.34858     7.56254   0.0184068
        1026     8.26623     7.56323   0.0184017
        1027     8.20654     7.56386   0.0183944
        1028      8.1176     7.56439   0.0183844
        1029     8.08364      7.5649   0.0183734
        1030     7.86146     7.56519   0.0183579
        1031     7.75226     7.56537    0.018341
        1032     7.56434     7.56537   0.0183232
        1033     7.54667     7.56535   0.0183055
        1034     7.38506     7.56518   0.0182886
        1035     7.24579     7.56487   0.0182735
        1036     7.30106     7.56461   0.0182576
        1037     7.24533      7.5643   0.0182426
        1038     7.17901     7.56393   0.0182288
        1039     7.08285     7.56347   0.0182172
        1040      6.4433     7.56239   0.0182315
        1041     6.18802     7.56107   0.0182617
        1042     6.94462     7.56048   0.0182538
        1043     6.57976     7.55954   0.0182605
        1044      7.1285     7.55913   0.0182476
        1045     7.32431      7.5589   0.0182316
        1046      7.3436      7.5587   0.0182153
        1047     7.35972     7.55851   0.0181989
        1048     7.53431     7.55848   0.0181815
        1049     7.46204     7.55839   0.0181644
        1050     7.57966     7.55841   0.0181471
        1051        7.55      7.5584   0.0181299
        1052     7.72639     7.55856   0.0181133
        1053     7.30961     7.55833   0.0180977
        1054     7.62644     7.55839   0.0180806
        1055     7.47475     7.55831   0.0180637
        1056     7.15032     7.55793   0.0180507
        1057     7.27992     7.55766   0.0180355
        1058      7.1852     7.55731   0.0180219
        1059     7.51145     7.55727    0.018005
        1060      7.3915     7.55711   0.0179886
        1061     7.65498      7.5572   0.0179719
        1062     8.11373     7.55773   0.0179626
        1063     7.94552     7.55809   0.0179494
        1064     8.17036     7.55867   0.0179418
        1065     8.05056     7.55913   0.0179309
        1066     7.87586     7.55943   0.0179165
        1067     7.57543     7.55944   0.0178998
        1068     7.51684      7.5594    0.017883
        1069     7.78288     7.55961   0.0178675
        1070     7.94399     7.55997   0.0178544
        1071     8.37476     7.56073    0.017854
        1072     7.86428     7.56101   0.0178396
        1073     7.43098     7.56089   0.0178234
        1074      7.1386      7.5605   0.0178111
        1075     7.36474     7.56032   0.0177955
        1076     7.40657     7.56018   0.0177795
        1077     7.37055        7.56   0.0177639
        1078     7.30676     7.55976   0.0177489
        1079     6.89498     7.55915   0.0177432
        1080     7.13612     7.55876   0.0177311
        1081     7.65602     7.55885   0.0177149
        1082     7.47943     7.55877   0.0176987
        1083     7.37928     7.55861   0.0176831
        1084     7.62606     7.55867   0.0176669
        1085     7.19011     7.55833   0.0176539
        1086     7.11478     7.55792   0.0176423
        1087     7.70823     7.55806   0.0176267
        1088     8.02322     7.55849   0.0176156
        1089     7.78318     7.55869   0.0176007
        1090     7.77317     7.55889   0.0175856
        1091     7.85048     7.55916   0.0175715
        1092      8.0217     7.55958   0.0175606
        1093     7.78488     7.55979   0.0175457
        1094       7.745     7.55996   0.0175305
        1095     7.82295      7.5602   0.0175161
        1096     8.26208     7.56084   0.0175118
        1097     8.25493     7.56147   0.0175073
        1098     8.46981      7.5623   0.0175109
        1099     8.50745     7.56316   0.0175161
        1100     8.24768     7.56378   0.0175112
        1101     7.80827       7.564   0.0174967
        1102     7.48678     7.56393   0.0174809
        1103      8.1634     7.56448   0.0174735
        1104     8.52197     7.56534   0.0174792
        1105     8.35257     7.56605   0.0174779
        1106     7.96755     7.56642   0.0174659
        1107     8.03637     7.56684   0.0174553
        1108     7.58169     7.56686   0.0174395
        1109     8.11991     7.56735   0.0174309
        1110     7.90707     7.56766   0.0174179
        1111     7.86248     7.56793   0.0174043
        1112     8.37448     7.56865   0.0174037
        1113     7.97142     7.56901   0.0173918
        1114      7.4394      7.5689   0.0173766
        1115     7.84644     7.56915   0.0173628
        1116     7.70949     7.56927   0.0173477
        1117     7.64281     7.56934   0.0173323
        1118     7.79968     7.56954    0.017318
        1119     7.63811      7.5696   0.0173027
        1120     7.84316     7.56985   0.0172889
        1121     7.66053     7.56993   0.0172737
        1122     7.90693     7.57023   0.0172609
        1123     7.60759     7.57026   0.0172456
        1124     7.46836     7.57017   0.0172305
        1125     8.21981     7.57075   0.0172248
        1126     7.98292     7.57112   0.0172134
        1127     7.37079     7.57094   0.0171991
        1128     7.07965      7.5705   0.0171893
        1129      7.4491      7.5704   0.0171744
        1130     7.47615     7.57031   0.0171594
        1131     7.38368     7.57015   0.0171451
        1132     7.38164     7.56998   0.0171307
        1133     7.48579     7.56991   0.0171158
        1134     7.34416     7.56971   0.0171018
        1135     7.24101     7.56942   0.0170892
        1136     7.46965     7.56933   0.0170744
        1137     7.38089     7.56916   0.0170602
        1138     7.57307     7.56917   0.0170452
        1139     7.31365     7.56894   0.0170317
        1140     7.54984     7.56893   0.0170168
        1141     8.34159      7.5696   0.0170153
        1142     7.97409     7.56996   0.0170041
        1143     7.95562     7.57029   0.0169926
        1144     8.16107     7.57081   0.0169856
        1145     7.53981     7.57078   0.0169708
        1146     7.40417     7.57064   0.0169566
        1147     8.00153     7.57101    0.016946
        1148     8.12214     7.57149    0.016938
        1149     8.18034     7.57202   0.0169315
        1150     7.98578     7.57238   0.0169206
        1151     7.66977     7.57247   0.0169062
        1152     7.53153     7.57243   0.0168915
        1153     7.30975     7.57221   0.0168784
        1154     7.45798     7.57211   0.0168641
        1155     7.58957     7.57212   0.0168495
        1156     8.00627      7.5725   0.0168391
        1157     7.94344     7.57282   0.0168276
        1158     8.00829     7.57319   0.0168172
        1159     7.86256     7.57344   0.0168046
        1160     7.68268     7.57354   0.0167904
        1161     7.40645     7.57339   0.0167765
        1162     7.48971     7.57332   0.0167622
        1163     7.29677     7.57308   0.0167495
        1164     7.33564     7.57288   0.0167364
        1165     7.06722     7.57245   0.0167276
        1166     7.56422     7.57244   0.0167133
        1167     7.76497      7.5726   0.0166998
        1168     7.62266     7.57265   0.0166855
        1169      8.0851     7.57309    0.016677
        1170     7.70833      7.5732   0.0166632
        1171      7.5531     7.57318   0.0166489
        1172     7.61809     7.57322   0.0166348
        1173     7.81687     7.57343   0.0166219
        1174      8.0328     7.57382   0.0166123
        1175     8.24673     7.57439   0.0166081
        1176     7.56682     7.57439    0.016594
        1177     7.52369     7.57434   0.0165799
        1178     7.51803      7.5743   0.0165659
        1179     7.37194     7.57412   0.0165527
        1180     7.13422     7.57375   0.0165429
        1181     7.55097     7.57373   0.0165289
        1182      7.0231     7.57327   0.0165215
        1183     6.92791     7.57272   0.0165165
        1184     6.46373     7.57178   0.0165291
        1185     6.71542     7.57106    0.016531
        1186     6.75432     7.57037   0.0165314
        1187     7.57842     7.57038   0.0165174
        1188       7.796     7.57057   0.0165046
        1189     7.83972      7.5708   0.0164923
        1190     7.63728     7.57085   0.0164785
        1191     7.42097     7.57073   0.0164652
        1192     7.49714     7.57066   0.0164515
        1193     7.48237     7.57059   0.0164379
        1194     7.53996     7.57056   0.0164241
        1195     7.85771     7.57081   0.0164121
        1196     7.60802     7.57084   0.0163984
        1197     7.44366     7.57073   0.0163851
        1198     7.43927     7.57062   0.0163718
        1199      7.3923     7.57047   0.0163588
        1200     7.06951     7.57005   0.0163505
        1201     6.72085     7.56935   0.0163521
        1202     6.88999     7.56878   0.0163483
        1203     6.96234     7.56828   0.0163425
        1204     7.33109     7.56808   0.0163301
        1205     7.56174     7.56808   0.0163165
        1206     7.45597     7.56798   0.0163033
        1207     7.46716      7.5679     0.01629
        1208     7.66733     7.56798   0.0162767
        1209     7.54033     7.56796   0.0162633
        1210     7.56783     7.56796   0.0162498
        1211     7.30815     7.56774   0.0162378
        1212     7.17894     7.56742   0.0162276
        1213     7.28854     7.56719   0.0162158
        1214     7.09621     7.56681   0.0162071
        1215     7.07888      7.5664   0.0161988
        1216     6.81439     7.56579   0.0161972
        1217     6.97473      7.5653   0.0161912
        1218     7.51787     7.56526    0.016178
        1219     7.72303     7.56539   0.0161652
        1220     7.61516     7.56543    0.016152
        1221     7.39441     7.56529   0.0161394
        1222     6.94107     7.56478   0.0161343
        1223     7.14712     7.56444   0.0161247
        1224     7.06027     7.56403   0.0161168
        1225     7.48712     7.56396   0.0161037
        1226     7.79997     7.56416   0.0160918
        1227     7.59969     7.56419   0.0160787
        1228     7.32689     7.56399   0.0160667
        1229     7.08296      7.5636   0.0160584
        1230     6.90992     7.56307   0.0160542
        1231     7.02545     7.56263   0.0160471
        1232     6.78137       7.562   0.0160466
        1233     7.13938     7.56166   0.0160372
        1234     6.89835     7.56112   0.0160332
        1235     7.05561     7.56071   0.0160255
        1236       7.081     7.56032   0.0160172
        1237     7.11788     7.55996   0.0160082
        1238     7.27802     7.55973   0.0159969
        1239     7.29588     7.55952   0.0159854
        1240     7.56329     7.55953   0.0159725
        1241     7.60608     7.55956   0.0159597
        1242     7.62979     7.55962    0.015947
        1243     7.64322     7.55969   0.0159343
        1244     7.77183     7.55986   0.0159224
        1245     7.64374     7.55992   0.0159097
        1246     8.15344      7.5604   0.0159041
        1247     8.02158     7.56077   0.0158956
        1248     7.67474     7.56086   0.0158832
        1249     7.64318     7.56093   0.0158706
        1250     7.46289     7.56085   0.0158581
        1251     7.81885     7.56106   0.0158467
        1252     8.42708     7.56175   0.0158492
        1253      8.2792     7.56232   0.0158469
        1254     8.00101     7.56267   0.0158381
        1255     8.11677     7.56311   0.0158316
        1256     8.33789     7.56373    0.015831
        1257      7.9875     7.56407    0.015822
        1258      8.1111      7.5645   0.0158154
        1259     8.24649     7.56504   0.0158121
        1260     7.97046     7.56536   0.0158029
        1261     8.10314     7.56579   0.0157961
        1262     8.04156     7.56617   0.0157881
        1263     8.18644     7.56666   0.0157832
        1264     7.98108     7.56699   0.0157741
        1265     7.99114     7.56732   0.0157652
        1266     7.96249     7.56763   0.0157559
        1267     7.54682     7.56762   0.0157434
        1268     7.17614     7.56731    0.015734
        1269     6.95585     7.56683    0.015729
        1270     7.07507     7.56644   0.0157214
        1271     6.78668     7.56583    0.015721
        1272     7.18617     7.56553   0.0157115
        1273     7.19268     7.56523   0.0157019
        1274     7.46059     7.56515   0.0156897
        1275     7.46013     7.56507   0.0156777
        1276     7.79028     7.56525   0.0156664
        1277     7.44198     7.56515   0.0156544
        1278     7.63043      7.5652   0.0156422
        1279      7.5954     7.56522     0.01563
        1280     7.61519     7.56526   0.0156178
        1281     7.47778      7.5652   0.0156058
        1282     7.19717     7.56491   0.0155963
        1283     7.15375     7.56459   0.0155874
        1284     6.74986     7.56395   0.0155882
        1285     6.87614     7.56342   0.0155852
        1286     6.52141     7.56261   0.0155942
        1287     6.50845     7.56179   0.0156035
        1288     6.68552     7.56111   0.0156063
        1289      6.8906     7.56059   0.0156028
        1290     6.49296     7.55976   0.0156127
        1291     6.55205     7.55898   0.0156201
        1292     6.66041     7.55828   0.0156234
        1293     6.64882     7.55758   0.0156272
        1294     7.12004     7.55724   0.0156188
        1295     7.39202     7.55712   0.0156072
        1296     7.17771     7.55682   0.0155979
        1297     6.88591     7.55631   0.0155945
        1298     6.76241     7.55569   0.0155945
        1299      7.0489      7.5553   0.0155873
        1300     6.81737     7.55474   0.0155857
        1301     6.65887     7.55405   0.0155889
        1302     6.80017     7.55347   0.0155877
        1303     6.81298      7.5529   0.0155861
        1304     7.40393     7.55279   0.0155745
        1305     7.18843     7.55251   0.0155651
        1306      7.1369     7.55219   0.0155564
        1307     7.27678     7.55198    0.015546
        1308      7.1911      7.5517   0.0155365
        1309     7.19392     7.55143   0.0155271
        1310     7.34188     7.55127    0.015516
        1311     7.09931     7.55092    0.015508
        1312     7.30934     7.55074   0.0154973
        1313     7.40692     7.55063   0.0154859
        1314     7.47133     7.55057   0.0154742
        1315     7.57365     7.55059   0.0154625
        1316     7.67336     7.55068    0.015451
        1317     7.92025     7.55096   0.0154418
        1318     7.98708     7.55129   0.0154336
        1319     7.44108     7.55121   0.0154222
        1320     7.83262     7.55142   0.0154119
        1321     7.83118     7.55163   0.0154017
        1322     6.96514     7.55119   0.0153965
        1323     7.36596     7.55105   0.0153855
        1324     7.58056     7.55107   0.0153739
        1325     7.84295     7.55129   0.0153638
        1326     7.86869     7.55153   0.0153541
        1327     7.72288     7.55166   0.0153431
        1328     7.75052     7.55181   0.0153323
        1329     7.55223     7.55181   0.0153207
        1330     7.17112     7.55152   0.0153119
        1331     7.27264     7.55131   0.0153018
        1332      7.1569     7.55102   0.0152932
        1333     7.09915     7.55068   0.0152855
        1334     7.12473     7.55036   0.0152774
        1335     6.92444     7.54989   0.0152731
        1336     7.52244     7.54987   0.0152617
        1337     7.49582     7.54983   0.0152503
        1338     7.51232      7.5498    0.015239
        1339     7.28186      7.5496   0.0152289
        1340     7.11049     7.54927    0.015221
        1341     7.25219     7.54905   0.0152113
        1342      7.1891     7.54879   0.0152023
        1343     6.98384     7.54836   0.0151968
        1344     7.53286     7.54835   0.0151855
        1345     7.26359     7.54814   0.0151757
        1346     7.09189      7.5478   0.0151682
        1347     7.36763     7.54767   0.0151576
        1348     6.97158     7.54724   0.0151523
        1349     6.91795     7.54677   0.0151483
        1350     7.32047     7.54661    0.015138
        1351     7.36838     7.54648   0.0151274
        1352     7.25417     7.54626   0.0151177
        1353     7.69121     7.54637   0.0151069
        1354      7.7128     7.54649   0.0150963
        1355     7.56259      7.5465   0.0150851
        1356     7.85948     7.54673   0.0150758
        1357     7.60493     7.54677   0.0150647
        1358     7.49581     7.54674   0.0150537
        1359     7.52678     7.54672   0.0150426
        1360     7.19855     7.54647   0.0150337
        1361     7.18561      7.5462    0.015025
        1362      7.0828     7.54586   0.0150178
        1363     7.31298     7.54569   0.0150078
        1364     7.65721     7.54577    0.014997
        1365     8.14144     7.54621   0.0149924
        1366     8.02221     7.54656   0.0149854
        1367     7.85299     7.54678   0.0149762
        1368     7.58709     7.54681   0.0149652
        1369     7.68912     7.54691   0.0149547
        1370     8.03868     7.54727   0.0149481
        1371     8.01629     7.54762   0.0149411
        1372      8.3221     7.54818   0.0149408
        1373     8.20658     7.54866   0.0149377
        1374     8.21494     7.54914   0.0149346
        1375     7.75896      7.5493   0.0149246
        1376     7.65431     7.54937   0.0149139
        1377     8.22026     7.54986    0.014911
        1378      7.9679     7.55016   0.0149033
        1379     7.94174     7.55045   0.0148952
        1380     7.55642     7.55045   0.0148844
        1381     7.44539     7.55038   0.0148738
        1382     7.38931     7.55026   0.0148635
        1383     7.09479     7.54993   0.0148564
        1384     6.97994     7.54952   0.0148514
        1385     6.98755     7.54911   0.0148462
        1386     6.67651     7.54848   0.0148488
        1387     6.93355     7.54804   0.0148448
        1388     6.95219     7.54761   0.0148403
        1389     7.14929     7.54732   0.0148324
        1390     6.90778     7.54686   0.0148288
        1391     7.14198     7.54657    0.014821
        1392      6.6717     7.54594   0.0148237
        1393     7.26812     7.54574   0.0148144
        1394     6.91497     7.54529   0.0148107
        1395     6.77784     7.54474   0.0148103
        1396     6.73239     7.54416   0.0148111
        1397     6.83394     7.54365   0.0148092
        1398     6.60854     7.54298   0.0148137
        1399     7.00989      7.5426    0.014808
        1400     6.58844     7.54192   0.0148131
        1401     6.56944     7.54123   0.0148188
        1402     6.55527     7.54052   0.0148249
        1403     6.78503     7.53998   0.0148241
        1404     6.80777     7.53946   0.0148227
        1405     7.10243     7.53915   0.0148154
        1406     7.09469     7.53884   0.0148083
        1407     7.22286     7.53861   0.0147995
        1408     7.52535      7.5386   0.0147889
        1409     7.30073     7.53843   0.0147794
        1410     7.44276     7.53836   0.0147691
        1411     7.95875     7.53866   0.0147616
        1412     7.78135     7.53883   0.0147522
        1413      7.9404     7.53912   0.0147445
        1414     7.76062     7.53928   0.0147349
        1415     8.34516     7.53984   0.0147355
        1416     7.94759     7.54013   0.0147279
        1417     8.08365     7.54052   0.0147225
        1418     8.03584     7.54087   0.0147162
        1419     7.73782       7.541   0.0147065
        1420     8.03063     7.54135   0.0147002
        1421     7.97724     7.54166   0.0146931
        1422      7.8417     7.54187   0.0146842
        1423     7.87858      7.5421   0.0146758
        1424      7.9314     7.54238   0.0146681
        1425     7.90382     7.54263     0.01466
        1426     8.00658     7.54296   0.0146533
        1427     7.81187     7.54314   0.0146442
        1428     7.49633     7.54311    0.014634
        1429     7.54843     7.54312   0.0146238
        1430     7.56191     7.54313   0.0146136
        1431     7.19524     7.54289   0.0146054
        1432     7.20637     7.54265   0.0145971
        1433      7.1728     7.54239   0.0145892
        1434     7.11436     7.54209    0.014582
        1435     6.81299     7.54159   0.0145807
        1436     7.22959     7.54137   0.0145722
        1437     7.13391     7.54109   0.0145648
        1438     7.40684     7.54099    0.014555
        1439     7.29334     7.54082   0.0145459
        1440     7.25475     7.54062   0.0145371
        1441     7.55425     7.54063    0.014527
        1442     7.19961     7.54039   0.0145189
        1443     7.15429     7.54013   0.0145113
        1444      7.1942     7.53989   0.0145032
        1445     7.29339     7.53972   0.0144942
        1446     7.27955     7.53954   0.0144853
        1447      7.6924     7.53964   0.0144757
        1448     8.02272     7.53998   0.0144695
        1449     7.98268     7.54028   0.0144628
        1450       7.667     7.54037    0.014453
        1451     7.42542     7.54029   0.0144433
        1452     7.68699     7.54039   0.0144337
        1453     7.10657     7.54009   0.0144269
        1454     7.21327     7.53987   0.0144187
        1455     6.96937     7.53947   0.0144141
        1456     7.07092     7.53915   0.0144078
        1457     7.41507     7.53907   0.0143982
        1458     7.38224     7.53896   0.0143887
        1459     7.49063     7.53893   0.0143789
        1460     7.51728     7.53891    0.014369
        1461     7.42734     7.53884   0.0143594
        1462     7.39726     7.53874   0.0143499
        1463     7.87407     7.53897   0.0143419
        1464     7.84177     7.53918   0.0143336
        1465     8.05256     7.53953   0.0143281
        1466     8.21044     7.53998   0.0143256
        1467     7.65534     7.54006   0.0143161
        1468     8.16858     7.54049   0.0143127
        1469     7.92671     7.54075   0.0143054
        1470     8.25264     7.54124   0.0143039
        1471     8.24168     7.54171   0.0143021
        1472     8.08219     7.54208   0.0142971
        1473     8.21606     7.54254   0.0142947
        1474     8.14469     7.54295   0.0142908
        1475     8.50136      7.5436   0.0142959
        1476     8.13452       7.544   0.0142918
        1477     7.90148     7.54424   0.0142842
        1478     7.78035      7.5444   0.0142754
        1479     8.15193     7.54481   0.0142717
        1480     8.13961     7.54521   0.0142677
        1481     8.33132     7.54574   0.0142679
        1482     8.03105     7.54607   0.0142621
        1483     7.90507     7.54631   0.0142545
        1484     7.43081     7.54623   0.0142451
        1485     7.43737     7.54616   0.0142357
        1486     7.69214     7.54626   0.0142265
        1487     7.65313     7.54633   0.0142171
        1488     7.91315     7.54658   0.0142097
        1489     8.42604     7.54717   0.0142124
        1490     8.23241     7.54763   0.0142103
        1491     8.55537      7.5483   0.0142168
        1492     8.07918     7.54866   0.0142117
        1493     8.28817     7.54915   0.0142109
        1494     7.76247      7.5493   0.0142021
        1495     7.61116     7.54934   0.0141926
        1496     7.76693     7.54948   0.0141839
        1497     7.31114     7.54932   0.0141753
        1498      7.1319     7.54905   0.0141686
        1499     6.89963     7.54861   0.0141657
        1500     6.92264      7.5482   0.0141624
        1501     7.19236     7.54796    0.014155
        1502     7.19737     7.54773   0.0141475
        1503     7.79289     7.54789    0.014139
        1504     7.74656     7.54802   0.0141302
        1505     7.71932     7.54813   0.0141213
        1506     7.33951       7.548   0.0141126
        1507     7.12565     7.54772    0.014106
        1508     7.18531     7.54748   0.0140987
        1509     7.26492     7.54729   0.0140906
        1510     7.50525     7.54726   0.0140813
        1511     8.09191     7.54762   0.0140766
        1512      8.0165     7.54793   0.0140707
        1513     7.80805      7.5481   0.0140625
        1514     7.80625     7.54827   0.0140542
        1515     8.22124     7.54872   0.0140519
        1516     8.41398     7.54929   0.0140543
        1517     8.11933     7.54966     0.01405
        1518     7.77361     7.54981   0.0140415
        1519     7.42536     7.54973   0.0140325
        1520     7.46468     7.54967   0.0140234
        1521     7.47026     7.54962   0.0140143
        1522     7.25893     7.54943   0.0140064
        1523     7.07561     7.54912   0.0140006
        1524     7.41166     7.54903   0.0139918
        1525     7.19139     7.54879   0.0139845
        1526     7.11463     7.54851   0.0139783
        1527     7.00201     7.54815   0.0139737
        1528     7.22489     7.54794   0.0139662
        1529     7.36137     7.54782   0.0139576
        1530     7.60491     7.54786   0.0139485
        1531     7.80722     7.54803   0.0139404
        1532     8.05636     7.54836   0.0139352
        1533     7.73639     7.54848   0.0139267
        1534     7.33518     7.54834   0.0139183
        1535     7.80118     7.54851   0.0139102
        1536     7.64463     7.54857   0.0139013
        1537     8.15926     7.54897   0.0138979
        1538     7.70143     7.54906   0.0138893
        1539     8.09498     7.54942   0.0138848
        1540     8.47027     7.55002   0.0138886
        1541     7.94917     7.55028    0.013882
        1542     7.97132     7.55055   0.0138757
        1543     8.06447     7.55088   0.0138707
        1544     7.83607     7.55107   0.0138629
        1545     7.83783     7.55125   0.0138552
        1546     8.33089     7.55176   0.0138554
        1547     8.07611      7.5521   0.0138506
        1548     8.00241     7.55239   0.0138447
        1549     7.86609     7.55259   0.0138373
        1550     8.18371       7.553   0.0138343
        1551     7.80075     7.55316   0.0138263
        1552     7.69343     7.55325   0.0138177
        1553     7.42412     7.55316   0.0138091
        1554     7.57702     7.55318   0.0138002
        1555     7.94164     7.55343   0.0137936
        1556     7.79196     7.55358   0.0137856
        1557     8.13259     7.55395   0.0137817
        1558     7.57009     7.55396   0.0137729
        1559      7.1076     7.55368    0.013767
        1560     7.36627     7.55356   0.0137587
        1561     7.35587     7.55343   0.0137505
        1562      7.5791     7.55345   0.0137417
        1563     7.58064     7.55346   0.0137329
        1564     7.72159     7.55357   0.0137246
        1565     7.95688     7.55383   0.0137182
        1566     8.21775     7.55425    0.013716
        1567     7.49354     7.55422   0.0137073
        1568     7.57994     7.55423   0.0136986
        1569     7.44548     7.55416     0.01369
        1570     7.60562     7.55419   0.0136813
        1571     7.47049     7.55414   0.0136727
        1572     7.63535     7.55419   0.0136641
        1573     7.65488     7.55426   0.0136556
        1574     7.43082     7.55418   0.0136471
        1575      7.0854     7.55388   0.0136417
        1576     7.13119     7.55361   0.0136357
        1577     7.50896     7.55358   0.0136271
        1578     7.23265     7.55338     0.01362
        1579     7.18593     7.55315   0.0136133
        1580     7.34958     7.55302   0.0136053
        1581     7.61905     7.55306   0.0135968
        1582     7.45124       7.553   0.0135883
        1583     7.44768     7.55293   0.0135799
        1584     7.68199     7.55301   0.0135716
        1585     8.05481     7.55333   0.0135667
        1586     8.03479     7.55363   0.0135616
        1587     7.67971     7.55371   0.0135532
        1588     7.81048     7.55387   0.0135457
        1589     7.82187     7.55404   0.0135382
        1590     7.94471     7.55429   0.0135319
        1591      7.9229     7.55452   0.0135254
        1592     7.27052     7.55434   0.0135181
        1593     7.36891     7.55422   0.0135101
        1594     7.45575     7.55416   0.0135018
        1595     7.65434     7.55423   0.0134934
        1596     7.98343     7.55449   0.0134877
        1597     7.63037     7.55454   0.0134793
        1598     7.78282     7.55469   0.0134716
        1599     7.46041     7.55463   0.0134633
        1600     6.98039     7.55427   0.0134597
        1601     7.08935     7.55398   0.0134544
        1602     7.42237     7.55389   0.0134463
        1603      7.4672     7.55384    0.013438
        1604     7.11756     7.55357   0.0134324
        1605     7.29497     7.55341    0.013425
        1606     7.54822      7.5534   0.0134166
        1607     7.24012     7.55321   0.0134097
        1608     7.04079     7.55289   0.0134051
        1609     7.59584     7.55292   0.0133968
        1610     7.46404     7.55286   0.0133886
        1611     7.12905      7.5526   0.0133829
        1612     7.06306      7.5523    0.013378
        1613     7.12967     7.55203   0.0133723
        1614     7.46511     7.55198   0.0133641
        1615     7.73962      7.5521   0.0133564
        1616     7.71834      7.5522   0.0133485
        1617     8.01356     7.55248   0.0133433
        1618     7.57893      7.5525    0.013335
        1619     7.68326     7.55258    0.013327
        1620     7.41617      7.5525   0.0133191
        1621     7.92157     7.55272   0.0133128
        1622     7.83596      7.5529   0.0133058
        1623     7.53482     7.55289   0.0132976
        1624     7.22321     7.55268   0.0132909
        1625     7.35146     7.55256   0.0132833
        1626     7.37032     7.55245   0.0132756
        1627     7.42006     7.55237   0.0132677
        1628     7.73014     7.55248     0.01326
        1629     7.19985     7.55226   0.0132536
        1630     7.04417     7.55195   0.0132492
        1631     7.37321     7.55184   0.0132415
        1632     7.44681     7.55177   0.0132335
        1633     7.54674     7.55177   0.0132254
        1634     7.70649     7.55187   0.0132177
        1635      8.3982     7.55238   0.0132197
        1636     7.88092     7.55258   0.0132132
        1637     8.31337     7.55305   0.0132133
        1638      8.6974     7.55375   0.0132237
        1639     8.54622     7.55435   0.0132295
        1640     8.93875      7.5552   0.0132483
        1641     8.79849     7.55596   0.0132619
        1642     9.01651     7.55684   0.0132836
        1643     8.52957     7.55744   0.0132887
        1644     8.97841      7.5583   0.0133087
        1645     8.87858      7.5591   0.0133248
        1646     8.41709     7.55963   0.0133269
        1647     8.56238     7.56023   0.0133327
        1648     8.63223     7.56088   0.0133404
        1649     8.55441     7.56149    0.013346
        1650     8.48756     7.56205   0.0133497
        1651     8.38436     7.56255   0.0133509
        1652     8.77911     7.56328   0.0133631
        1653     8.61853     7.56392   0.0133702
        1654     8.60324     7.56455   0.0133769
        1655     8.87952     7.56534   0.0133924
        1656     8.63603     7.56599   0.0133999
        1657     8.46691     7.56653   0.0134029
        1658     8.98921     7.56739   0.0134222
        1659     8.69302     7.56807   0.0134313
        1660     8.35028     7.56854   0.0134314
        1661     8.28259     7.56897   0.0134302
        1662     8.41313     7.56948   0.0134317
        1663     8.37135     7.56996   0.0134323
        1664      8.3344     7.57042   0.0134321
        1665     8.22352     7.57081   0.0134298
        1666      8.0979     7.57113   0.0134254
        1667     8.09844     7.57145   0.0134211
        1668     8.64297     7.57209   0.0134284
        1669     8.07013     7.57239   0.0134237
        1670     7.73077     7.57248    0.013416
        1671     7.88146     7.57267   0.0134092
        1672      8.0059     7.57293   0.0134037
        1673     7.96447     7.57316   0.0133977
        1674     8.00621     7.57342   0.0133922
        1675     8.02618     7.57369    0.013387
        1676     8.01097     7.57395   0.0133815
        1677     7.63129     7.57398   0.0133736
        1678     7.43241      7.5739   0.0133659
        1679     7.06603      7.5736   0.0133613
        1680     7.36765     7.57347   0.0133539
        1681     6.94001      7.5731   0.0133513
        1682     6.90481      7.5727   0.0133493
        1683     7.07252      7.5724   0.0133447
        1684     7.64419     7.57245   0.0133368
        1685     7.21117     7.57223   0.0133306
        1686     7.23702     7.57203   0.0133242
        1687     7.58963     7.57204   0.0133163
        1688      7.4127     7.57195   0.0133087
        1689     7.76683     7.57206   0.0133014
        1690     7.81381     7.57221   0.0132943
        1691     7.87352     7.57239   0.0132876
        1692     7.88937     7.57257   0.0132811
        1693     7.82688     7.57272   0.0132741
        1694     8.09633     7.57303   0.0132698
        1695     7.53411     7.57301    0.013262
        1696     7.54933       7.573   0.0132542
        1697       7.367     7.57287    0.013247
        1698     7.90658     7.57307   0.0132406
        1699     7.83298     7.57322   0.0132337
        1700     7.98494     7.57347   0.0132281
        1701     8.04774     7.57374   0.0132233
        1702       8.141     7.57408   0.0132197
        1703     8.03497     7.57435   0.0132147
        1704     7.61553     7.57437    0.013207
        1705     7.67575     7.57443   0.0131994
        1706       7.772     7.57455   0.0131922
        1707     7.87547     7.57472   0.0131856
        1708     8.04073       7.575   0.0131807
        1709     7.87145     7.57517   0.0131741
        1710     8.35363     7.57563   0.0131743
        1711     8.18755     7.57598   0.0131715
        1712     7.54918     7.57597   0.0131638
        1713     7.42891     7.57588   0.0131564
        1714     7.31442     7.57573   0.0131496
        1715     7.64043     7.57577    0.013142
        1716     7.87727     7.57594   0.0131355
        1717     7.75927     7.57605   0.0131283
        1718     7.51888     7.57602   0.0131207
        1719     7.72444      7.5761   0.0131133
        1720     7.60816     7.57612   0.0131057
        1721     7.82653     7.57627   0.0130989
        1722     7.65065     7.57631   0.0130914
        1723     7.71796     7.57639    0.013084
        1724     7.71816     7.57647   0.0130767
        1725     7.73114     7.57656   0.0130694
        1726     7.56104     7.57655   0.0130618
        1727     7.91658     7.57675   0.0130558
        1728     7.31581      7.5766   0.0130491
        1729     7.11263     7.57633   0.0130443
        1730     7.08393     7.57605   0.0130399
        1731     6.88693     7.57565   0.0130384
        1732     6.63841     7.57511   0.0130421
        1733     6.94149     7.57474   0.0130397
        1734     6.99448     7.57441   0.0130365
        1735      6.7651     7.57394   0.0130373
        1736     6.48227     7.57331   0.0130449
        1737     6.64018     7.57278   0.0130485
        1738     6.75874     7.57231   0.0130494
        1739      7.1092     7.57204   0.0130446
        1740     7.13378     7.57179   0.0130395
        1741     7.08686     7.57151    0.013035
        1742     6.74678     7.57104   0.0130361
        1743     6.68445     7.57053   0.0130386
        1744     6.89011     7.57014   0.0130369
        1745     7.07477     7.56985   0.0130326
        1746     7.32124     7.56971   0.0130259
        1747     7.58876     7.56972   0.0130184
        1748     6.81958     7.56929    0.013018
        1749      7.3556     7.56917   0.0130112
        1750     7.23265     7.56898   0.0130052
        1751     7.89039     7.56916    0.012999
        1752     7.34567     7.56904   0.0129922
        1753     6.91173     7.56866   0.0129902
        1754     6.88093     7.56827   0.0129887
        1755     6.92641      7.5679   0.0129865
        1756     6.94495     7.56755   0.0129839
        1757      7.1717     7.56732   0.0129785
        1758     6.90637     7.56695   0.0129766
        1759      7.1251      7.5667   0.0129716
        1760     7.13035     7.56645   0.0129666
        1761     6.97797     7.56611   0.0129636
        1762     7.12641     7.56586   0.0129586
        1763     6.95684     7.56552   0.0129559
        1764     7.63156     7.56556   0.0129486
        1765     7.60113     7.56558   0.0129412
        1766     7.52727     7.56555   0.0129339
        1767     7.50987     7.56552   0.0129267
        1768     7.36644     7.56541   0.0129198
        1769     7.44199     7.56534   0.0129127
        1770     7.17571     7.56512   0.0129073
        1771     6.92585     7.56476   0.0129051
        1772      7.2615     7.56459   0.0128989
        1773     7.35912     7.56447   0.0128922
        1774     7.57452     7.56448   0.0128849
        1775     8.09354     7.56478   0.0128811
        1776     8.15356     7.56511   0.0128781
        1777     8.01044     7.56536   0.0128733
        1778     8.03608     7.56562   0.0128688
        1779     8.27949     7.56602   0.0128678
        1780     8.33908     7.56646   0.0128679
        1781      8.4915     7.56698   0.0128711
        1782     8.70958     7.56762   0.0128799
        1783     8.28274     7.56802   0.0128789
        1784     8.24562      7.5684   0.0128773
        1785      7.9292      7.5686   0.0128716
        1786     7.64773     7.56865   0.0128645
        1787     7.43667     7.56857   0.0128575
        1788     7.32431     7.56844   0.0128511
        1789     7.22126     7.56824   0.0128453
        1790       6.837     7.56783   0.0128447
        1791     6.64964     7.56732   0.0128477
        1792     6.71421     7.56684   0.0128494
        1793     7.10407     7.56659   0.0128448
        1794     7.75285     7.56669    0.012838
        1795     7.88884     7.56687   0.0128322
        1796     7.95102     7.56708   0.0128268
        1797      8.0845     7.56737   0.0128229
        1798      7.9645     7.56759   0.0128177
        1799     7.69335     7.56766   0.0128107
        1800      8.0701     7.56794   0.0128066
        1801     8.02921      7.5682   0.0128021
        1802     7.77142     7.56831   0.0127955
        1803     7.95215     7.56852   0.0127902
        1804     7.95173     7.56874   0.0127848
        1805     7.97383     7.56896   0.0127797
        1806     7.94643     7.56917   0.0127744
        1807     7.97897      7.5694   0.0127693
        1808     7.92013     7.56959   0.0127637
        1809     8.01731     7.56984    0.012759
        1810     8.33955     7.57026   0.0127591
        1811     8.23016     7.57063   0.0127572
        1812     7.87173     7.57079   0.0127513
        1813     7.72989     7.57088   0.0127446
        1814       8.091     7.57117   0.0127408
        1815     8.05748     7.57144   0.0127365
        1816     7.89332     7.57161   0.0127308
        1817     8.33908     7.57204   0.0127308
        1818     8.41915      7.5725   0.0127323
        1819     8.16946     7.57283   0.0127295
        1820     7.64422     7.57287   0.0127226
        1821     7.41083     7.57278   0.0127159
        1822     7.09835     7.57252   0.0127116
        1823     7.44695     7.57245   0.0127048
        1824     7.99892     7.57268      0.0127
        1825     7.67353     7.57274   0.0126932
        1826     7.89688     7.57292   0.0126874
        1827     7.65722     7.57296   0.0126806
        1828     7.36941     7.57285   0.0126741
        1829     7.52995     7.57283   0.0126672
        1830      7.1411     7.57259   0.0126625
        1831     7.27403     7.57243   0.0126566
        1832     7.01676     7.57213   0.0126534
        1833     6.87833     7.57175   0.0126521
        1834     6.84596     7.57135   0.0126514
        1835     7.11844      7.5711   0.0126469
        1836     6.90219     7.57074   0.0126453
        1837     6.99188     7.57043   0.0126423
        1838     7.13146     7.57019   0.0126377
        1839     7.16799     7.56997   0.0126327
        1840     7.38199     7.56987   0.0126263
        1841     7.67505     7.56992   0.0126195
        1842     7.39809     7.56983    0.012613
        1843     7.15133      7.5696   0.0126082
        1844     6.96368     7.56927   0.0126057
        1845     7.22125     7.56909   0.0126003
        1846     7.56756     7.56908   0.0125934
        1847     7.53758     7.56907   0.0125866
        1848     7.45082       7.569     0.01258
        1849     7.57523     7.56901   0.0125732
        1850     8.02442     7.56925   0.0125688
        1851     7.51665     7.56922    0.012562
        1852     7.62029     7.56925   0.0125553
        1853     7.90191     7.56943   0.0125498
        1854      7.7017      7.5695   0.0125432
        1855     7.61385     7.56953   0.0125365
        1856     7.59876     7.56954   0.0125297
        1857      7.4433     7.56947   0.0125232
        1858     7.94484     7.56968   0.0125181
        1859     7.93058     7.56987   0.0125128
        1860     7.97399     7.57009    0.012508
        1861     7.48124     7.57004   0.0125014
        1862      7.2974     7.56989   0.0124955
        1863     7.76384        7.57   0.0124892
        1864     7.70148     7.57007   0.0124827
        1865     7.64056     7.57011   0.0124761
        1866     7.30363     7.56996   0.0124702
        1867     7.04475     7.56968   0.0124667
        1868     7.32236     7.56955   0.0124607
        1869     7.11301     7.56931   0.0124565
        1870     6.91404     7.56896   0.0124547
        1871     6.73328     7.56851   0.0124561
        1872      7.2745     7.56835   0.0124504
        1873     7.25262     7.56818   0.0124449
        1874     7.10028     7.56793   0.0124408
        1875     7.42746     7.56786   0.0124344
        1876     8.04296     7.56811   0.0124303
        1877     7.88762     7.56828   0.0124249
        1878     7.72242     7.56836   0.0124185
        1879      7.3539     7.56825   0.0124124
        1880     7.45767     7.56819    0.012406
        1881     7.32551     7.56806      0.0124
        1882     7.50537     7.56803   0.0123935
        1883     7.23326     7.56785   0.0123882
        1884     7.25381     7.56768   0.0123827
        1885     7.13761     7.56746   0.0123783
        1886      6.7863     7.56704   0.0123786
        1887      6.3122     7.56638   0.0123899
        1888     6.50167     7.56581   0.0123962
        1889     6.66432     7.56534   0.0123988
        1890     7.03127     7.56505   0.0123955
        1891     6.78789     7.56464   0.0123957
        1892     6.69194     7.56418   0.0123978
        1893     7.13659     7.56395   0.0123933
        1894      7.5059     7.56392   0.0123868
        1895     7.50924      7.5639   0.0123803
        1896     7.62595     7.56393   0.0123738
        1897     7.35822     7.56382   0.0123677
        1898     7.34588      7.5637   0.0123617
        1899     7.35964      7.5636   0.0123557
        1900     7.32739     7.56347   0.0123498
        1901     7.47015     7.56342   0.0123434
        1902     7.56593     7.56343   0.0123369
        1903     7.54187     7.56341   0.0123305
        1904     7.34181      7.5633   0.0123245
        1905     7.78812     7.56342   0.0123186
        1906     7.86359     7.56357   0.0123132
        1907     7.94443     7.56377   0.0123083
        1908     7.82624     7.56391   0.0123026
        1909     7.52802     7.56389   0.0122962
        1910     7.15927     7.56368   0.0122916
        1911     7.21081      7.5635   0.0122866
        1912     7.19046      7.5633   0.0122817
        1913     7.23123     7.56313   0.0122765
        1914     7.15425     7.56291   0.0122719
        1915     7.32966     7.56279   0.0122661
        1916     7.43846     7.56273   0.0122599
        1917     7.16143     7.56252   0.0122553
        1918     7.43276     7.56245   0.0122491
        1919     7.47085      7.5624   0.0122428
        1920      7.5728     7.56241   0.0122364
        1921     7.94948     7.56261   0.0122317
        1922     7.39222     7.56252   0.0122257
        1923      7.2401     7.56235   0.0122205
        1924      7.9146     7.56254   0.0122155
        1925     8.10776     7.56282   0.0122124
        1926     7.94532     7.56302   0.0122077
        1927     8.28031     7.56339    0.012207
        1928     8.12191     7.56368   0.0122041
        1929     8.10571     7.56396    0.012201
        1930     8.15278     7.56426   0.0121985
        1931     8.17519     7.56458   0.0121963
        1932     8.37781       7.565   0.0121973
        1933     8.10665     7.56528   0.0121942
        1934     7.73827     7.56537   0.0121882
        1935     7.84157     7.56551   0.0121827
        1936     7.60072     7.56553   0.0121765
        1937     8.14958     7.56583   0.0121739
        1938      7.8864       7.566   0.0121687
        1939     7.84662     7.56614   0.0121633
        1940     7.74115     7.56623   0.0121574
        1941      7.5458     7.56622   0.0121511
        1942     7.64576     7.56627   0.0121449
        1943     7.65542     7.56631   0.0121388
        1944     7.75962     7.56641   0.0121329
        1945     7.67273     7.56647   0.0121268
        1946     7.83219      7.5666   0.0121214
        1947     7.87262     7.56676   0.0121162
        1948     7.75478     7.56686   0.0121103
        1949     6.89091     7.56651   0.0121091
        1950     7.50008     7.56647   0.0121029
        1951     7.72406     7.56656    0.012097
        1952      8.1684     7.56686   0.0120947
        1953     7.89073     7.56703   0.0120897
        1954     7.93244     7.56722   0.0120849
        1955     8.08402     7.56748   0.0120816
        1956      8.2112     7.56781   0.0120799
        1957     8.19857     7.56813   0.0120781
        1958      8.4294     7.56857   0.0120799
        1959     8.20921      7.5689   0.0120782
        1960     8.12975     7.56919   0.0120754
        1961     8.50156     7.56966   0.0120786
        1962     8.03667      7.5699   0.0120748
        1963     8.28592     7.57026   0.0120741
        1964     8.42192      7.5707   0.0120758
        1965     8.32154     7.57108   0.0120757
        1966     7.87078     7.57123   0.0120705
        1967     8.22333     7.57156   0.0120689
        1968     8.24755     7.57191   0.0120677
        1969     8.25556     7.57225   0.0120665
        1970     7.86205      7.5724   0.0120613
        1971     8.01899     7.57263   0.0120573
        1972     7.73138     7.57271   0.0120515
        1973     7.62845     7.57274   0.0120454
        1974     7.66378     7.57278   0.0120394
        1975     7.65656     7.57282   0.0120333
        1976     8.06959     7.57308   0.0120299
        1977     8.08709     7.57334   0.0120266
        1978     8.11545     7.57361   0.0120236
        1979      8.2298     7.57394   0.0120221
        1980     8.06786     7.57419   0.0120187
        1981     8.10891     7.57446   0.0120156
        1982     8.47415     7.57492   0.0120181
        1983      8.6235     7.57544   0.0120237
        1984      8.2963     7.57581   0.0120231
        1985     8.34598      7.5762   0.0120233
        1986     8.31982     7.57657   0.0120231
        1987     8.28113     7.57692   0.0120223
        1988     7.97185     7.57712   0.0120179
        1989     7.61781     7.57714   0.0120118
        1990     7.86191     7.57729   0.0120067
        1991     7.65321     7.57732   0.0120007
        1992     8.02034     7.57755   0.0119967
        1993     7.43536     7.57748   0.0119909
        1994     7.18546     7.57728   0.0119865
        1995     7.38247     7.57718   0.0119809
        1996     7.20037     7.57699   0.0119764
        1997     7.06366     7.57674   0.0119732
        1998     7.08042     7.57649   0.0119697
        1999     7.21006      7.5763   0.0119652
        2000      7.5056     7.57627   0.0119592
