           1    -6.40655    -6.40655           0
           2     -6.2709    -6.33872   0.0479579
           3    -6.13957    -6.27234   0.0629302
           4    -6.08462    -6.22541   0.0622846
           5    -6.02393    -6.18512    0.061496
           6    -5.88751    -6.13551   0.0683844
           7    -5.83055    -6.09195    0.071152
           8    -5.77497    -6.05233    0.072455
           9    -5.77501    -6.02151    0.070653
          10    -5.74005    -5.99337   0.0689666
          11    -5.76372    -5.97249   0.0657809
          12    -5.77056    -5.95566   0.0624145
          13    -5.69012    -5.93524   0.0608641
          14    -5.63426    -5.91374   0.0601939
          15    -5.58851    -5.89206   0.0599589
          16    -5.62927    -5.87563   0.0584176
          17     -5.5845    -5.85851   0.0574367
          18        -5.5    -5.83859   0.0575955
          19    -5.49792    -5.82066    0.057287
          20    -5.49317    -5.80429   0.0567146
          21    -5.49994    -5.78979    0.055835
          22    -5.47501    -5.77548   0.0550998
          23    -5.52344    -5.76453   0.0537828
          24    -5.56642    -5.75627   0.0521715
          25    -5.55042    -5.74804   0.0507303
          26    -5.40675    -5.73491   0.0504488
          27    -5.50066    -5.72623   0.0493207
          28    -5.48056    -5.71746   0.0483334
          29    -5.45823    -5.70852   0.0474861
          30    -5.42587     -5.6991   0.0468286
          31    -5.46797    -5.69164   0.0459077
          32    -5.49729    -5.68557    0.044873
          33    -5.48343    -5.67945   0.0439293
          34    -5.52963    -5.67504   0.0428577
          35    -5.56245    -5.67182   0.0417537
          36    -5.53756    -5.66809   0.0407601
          37    -5.38246    -5.66037   0.0403829
          38    -5.36022    -5.65247   0.0400853
          39    -5.34355    -5.64455   0.0398324
          40    -5.27292    -5.63526   0.0399054
          41     -5.1986    -5.62461   0.0403283
          42    -5.22723    -5.61515   0.0404628
          43    -5.35685    -5.60914   0.0399652
          44    -5.28622     -5.6018    0.039725
          45    -5.24753    -5.59393   0.0396147
          46    -5.18193    -5.58498   0.0397531
          47    -5.28524     -5.5786   0.0394155
          48    -5.42706    -5.57544   0.0387206
          49    -5.47313    -5.57335   0.0379866
          50    -5.49918    -5.57187   0.0372559
          51    -5.50742    -5.57061   0.0365468
          52    -5.47278    -5.56872   0.0358923
          53    -5.50382     -5.5675    0.035236
          54    -5.52484    -5.56671   0.0345923
          55    -5.47455    -5.56503    0.034004
          56    -5.42753    -5.56258   0.0334853
          57    -5.40664    -5.55984   0.0330094
          58    -5.46644    -5.55823   0.0324795
          59    -5.50009    -5.55725    0.031944
          60    -5.45155    -5.55549   0.0314601
          61     -5.4542    -5.55382   0.0309881
          62    -5.42486    -5.55174   0.0305581
          63    -5.41276    -5.54954   0.0301526
          64    -5.43309    -5.54772   0.0297363
          65    -5.45016    -5.54622   0.0293166
          66    -5.41494    -5.54423   0.0289399
          67    -5.42656    -5.54247   0.0285612
          68    -5.39957    -5.54037   0.0282183
          69    -5.39527    -5.53827   0.0278876
          70    -5.41029    -5.53644   0.0275491
          71    -5.31802    -5.53336   0.0273323
          72    -5.27212    -5.52974   0.0271925
          73    -5.34271    -5.52717   0.0269404
          74     -5.3474    -5.52474   0.0266857
          75    -5.27602    -5.52143   0.0265351
          76    -5.27467    -5.51818   0.0263839
          77    -5.29917    -5.51534   0.0261941
          78    -5.33841    -5.51307   0.0259563
          79    -5.31037     -5.5105   0.0257542
          80    -5.28513    -5.50769   0.0255859
          81    -5.30886    -5.50523   0.0253875
          82    -5.30104    -5.50274   0.0251997
          83    -5.35438    -5.50095   0.0249594
          84    -5.39576     -5.4997   0.0246937
          85    -5.39008    -5.49841   0.0244368
          86    -5.52208    -5.49869   0.0241542
          87    -5.53566    -5.49911   0.0238803
          88    -5.54294    -5.49961   0.0236142
          89    -5.45539    -5.49911   0.0233541
          90    -5.47253    -5.49882   0.0230964
          91    -5.44091    -5.49818   0.0228514
          92    -5.41832    -5.49731   0.0226195
          93     -5.4717    -5.49704    0.022378
          94    -5.42195    -5.49624   0.0221541
          95      -5.383    -5.49505    0.021953
          96    -5.37338    -5.49378   0.0217609
          97    -5.43356    -5.49316   0.0215454
          98    -5.39039    -5.49211    0.021351
          99    -5.39069    -5.49109   0.0211599
         100    -5.38128    -5.48999   0.0209768
         101    -5.31264    -5.48823   0.0208425
         102    -5.34165    -5.48679   0.0206876
         103    -5.36732    -5.48563   0.0205193
         104    -5.40485    -5.48486   0.0203367
         105    -5.43866    -5.48442   0.0201477
         106    -5.44873    -5.48408   0.0199605
         107    -5.48814    -5.48412    0.019774
         108    -5.40502    -5.48339   0.0196044
         109    -5.38278    -5.48246   0.0194463
         110    -5.43257    -5.48201   0.0192748
         111    -5.49803    -5.48215   0.0191017
         112    -5.50863    -5.48239   0.0189326
         113    -5.51801    -5.48271   0.0187677
         114    -5.52649    -5.48309    0.018607
         115    -5.49132    -5.48316   0.0184453
         116    -5.53729    -5.48363   0.0182922
         117    -5.49852    -5.48376   0.0181363
         118      -5.498    -5.48388    0.017983
         119    -5.49412    -5.48396   0.0178321
         120    -5.46052    -5.48377   0.0176846
         121    -5.49384    -5.48385   0.0175386
         122    -5.43625    -5.48346   0.0173992
         123    -5.54247    -5.48394   0.0172643
         124    -5.56913    -5.48463   0.0171388
         125    -5.49237    -5.48469   0.0170018
         126    -5.52897    -5.48504   0.0168705
         127    -5.55052    -5.48556   0.0167455
         128    -5.53403    -5.48593    0.016619
         129    -5.46029    -5.48574   0.0164913
         130    -5.47059    -5.48562   0.0163649
         131    -5.43415    -5.48523   0.0162447
         132    -5.47162    -5.48512   0.0161219
         133    -5.44662    -5.48483   0.0160033
         134    -5.43333    -5.48445   0.0158885
         135    -5.33228    -5.48332   0.0158107
         136    -5.45705    -5.48313   0.0156957
         137    -5.47573    -5.48307   0.0155812
         138    -5.54198     -5.4835   0.0154741
         139    -5.47419    -5.48343    0.015363
         140     -5.4885    -5.48347   0.0152533
         141    -5.48125    -5.48345   0.0151451
         142    -5.50757    -5.48362   0.0150394
         143    -5.49267    -5.48369   0.0149344
         144    -5.45678     -5.4835   0.0148318
         145    -5.44194    -5.48321   0.0147323
         146    -5.46951    -5.48312   0.0146317
         147    -5.43601     -5.4828   0.0145357
         148     -5.5071    -5.48296   0.0144384
         149    -5.43774    -5.48266   0.0143447
         150    -5.40972    -5.48217   0.0142573
         151    -5.33237    -5.48118   0.0141973
         152    -5.32382    -5.48015   0.0141416
         153    -5.28426    -5.47887    0.014107
         154     -5.3567    -5.47807   0.0140377
         155    -5.36196    -5.47732   0.0139671
         156    -5.41877    -5.47695   0.0138826
         157    -5.43035    -5.47665   0.0137974
         158    -5.48857    -5.47673   0.0137103
         159    -5.45778    -5.47661   0.0136246
         160    -5.42306    -5.47627   0.0135435
         161    -5.44038    -5.47605   0.0134612
         162    -5.39526    -5.47555   0.0133874
         163    -5.41871     -5.4752   0.0133098
         164    -5.43566    -5.47496   0.0132308
         165     -5.4758    -5.47497   0.0131506
         166    -5.48952    -5.47505   0.0130717
         167    -5.46383    -5.47499   0.0129936
         168    -5.47716      -5.475   0.0129162
         169    -5.52148    -5.47528   0.0128427
         170    -5.51236    -5.47549   0.0127691
         171    -5.47085    -5.47547   0.0126944
         172    -5.45898    -5.47537    0.012621
         173    -5.40441    -5.47496   0.0125547
         174    -5.27501    -5.47381    0.012535
         175    -5.36687     -5.4732   0.0124783
         176    -5.43598    -5.47299   0.0124092
         177    -5.51996    -5.47325   0.0123419
         178    -5.48073     -5.4733   0.0122726
         179    -5.52175    -5.47357    0.012207
         180    -5.52687    -5.47386   0.0121428
         181     -5.5329    -5.47419   0.0120801
         182    -5.44285    -5.47402    0.012015
         183    -5.43251    -5.47379   0.0119515
         184    -5.45585    -5.47369   0.0118869
         185    -5.41802    -5.47339   0.0118265
         186    -5.39426    -5.47297   0.0117705
         187    -5.41279    -5.47264    0.011712
         188    -5.34186    -5.47195   0.0116703
         189    -5.43537    -5.47176   0.0116102
         190    -5.46749    -5.47173   0.0115491
         191    -5.36383    -5.47117   0.0115024
         192    -5.53347    -5.47149   0.0114471
         193    -5.51304    -5.47171   0.0113898
         194    -5.42971    -5.47149   0.0113332
         195    -5.42528    -5.47125   0.0112775
         196    -5.42165      -5.471   0.0112228
         197     -5.4126     -5.4707   0.0111698
         198    -5.42661    -5.47048   0.0111156
         199    -5.52709    -5.47077   0.0110634
         200    -5.52838    -5.47105   0.0110118
         201    -5.54544    -5.47142   0.0109632
         202    -5.51349    -5.47163   0.0109109
         203     -5.3975    -5.47127   0.0108633
         204    -5.43416    -5.47109   0.0108116
         205    -5.41079    -5.47079   0.0107628
         206    -5.43951    -5.47064   0.0107116
         207    -5.44808    -5.47053   0.0106604
         208    -5.45598    -5.47046   0.0106094
         209    -5.42479    -5.47024   0.0105609
         210     -5.3544    -5.46969    0.010525
         211    -5.36888    -5.46921    0.010486
         212    -5.45706    -5.46916   0.0104367
         213    -5.50278    -5.46931   0.0103889
         214    -5.52075    -5.46955   0.0103431
         215     -5.5953    -5.47014   0.0103115
         216    -5.59351    -5.47071   0.0102796
         217    -5.56629    -5.47115   0.0102416
         218    -5.55651    -5.47154   0.0102021
         219    -5.59577    -5.47211   0.0101713
         220    -5.48103    -5.47215   0.0101252
         221    -5.52474    -5.47239   0.0100821
         222    -5.51253    -5.47257   0.0100384
         223    -5.58161    -5.47306   0.0100052
         224     -5.4386     -5.4729  0.00996176
         225    -5.39462    -5.47256  0.00992356
         226    -5.41177    -5.47229  0.00988329
         227    -5.38009    -5.47188  0.00984809
         228    -5.28847    -5.47108   0.0098377
         229    -5.35009    -5.47055  0.00980892
         230    -5.46322    -5.47052  0.00976632
         231    -5.52539    -5.47075  0.00972693
         232    -5.50913    -5.47092  0.00968641
         233      -5.544    -5.47123  0.00964992
         234    -5.53844    -5.47152  0.00961295
         235     -5.4987    -5.47164  0.00957274
         236    -5.54755    -5.47196  0.00953758
         237    -5.54659    -5.47227  0.00950253
         238    -5.52751     -5.4725  0.00946544
         239    -5.44164    -5.47238  0.00942672
         240    -5.44326    -5.47225  0.00938822
         241    -5.47891    -5.47228  0.00934931
         242    -5.45386    -5.47221  0.00931098
         243    -5.50946    -5.47236  0.00927393
         244    -5.47165    -5.47236  0.00923592
         245    -5.48761    -5.47242  0.00919843
         246    -5.46291    -5.47238  0.00916112
         247    -5.46634    -5.47235  0.00912407
         248    -5.41302    -5.47212  0.00909041
         249    -5.37223    -5.47171  0.00906275
         250     -5.3306    -5.47115  0.00904406
         251    -5.22202    -5.47016  0.00906233
         252    -5.25485     -5.4693  0.00906655
         253    -5.31374    -5.46869  0.00905154
         254    -5.33643    -5.46817  0.00903087
         255    -5.30181    -5.46752  0.00901899
         256    -5.27605    -5.46677  0.00901471
         257    -5.33127    -5.46624  0.00899504
         258     -5.2842    -5.46553  0.00898781
         259    -5.41933    -5.46536  0.00895488
         260    -5.45194     -5.4653  0.00892058
         261    -5.48237    -5.46537  0.00888664
         262    -5.51527    -5.46556  0.00885477
         263    -5.47174    -5.46558  0.00882113
         264    -5.48901    -5.46567  0.00878816
         265     -5.4963    -5.46579  0.00875576
         266    -5.47228    -5.46581  0.00872288
         267    -5.49811    -5.46593  0.00869105
         268    -5.45723     -5.4659  0.00865868
         269    -5.48111    -5.46596  0.00862667
         270    -5.47993    -5.46601  0.00859488
         271    -5.51248    -5.46618  0.00856487
         272    -5.47871    -5.46623  0.00853351
         273    -5.46532    -5.46622  0.00850225
         274    -5.49304    -5.46632  0.00847178
         275    -5.59311    -5.46678  0.00845351
         276    -5.49884     -5.4669  0.00842368
         277    -5.42733    -5.46676  0.00839448
         278    -5.46996    -5.46677   0.0083643
         279    -5.54451    -5.46705  0.00833896
         280    -5.54876    -5.46734  0.00831428
         281    -5.51936    -5.46752  0.00828675
         282    -5.56943    -5.46788  0.00826524
         283    -5.44879    -5.46782  0.00823631
         284    -5.47901    -5.46786  0.00820741
         285    -5.45583    -5.46781  0.00817872
         286    -5.48884    -5.46789  0.00815045
         287    -5.49766    -5.46799  0.00812271
         288    -5.46269    -5.46797  0.00809453
         289    -5.43727    -5.46787  0.00806722
         290    -5.38896    -5.46759  0.00804399
         291    -5.41779    -5.46742  0.00801816
         292    -5.36563    -5.46707  0.00799828
         293    -5.35779     -5.4667  0.00797967
         294    -5.41161    -5.46651  0.00795473
         295    -5.46089     -5.4665  0.00792779
         296    -5.49308    -5.46658  0.00790151
         297    -5.51018    -5.46673  0.00787627
         298    -5.50657    -5.46687  0.00785098
         299    -5.49341    -5.46695  0.00782522
         300    -5.50488    -5.46708  0.00780016
         301    -5.43815    -5.46698  0.00777484
         302     -5.3909    -5.46673  0.00775317
         303    -5.31528    -5.46623  0.00774368
         304     -5.3978    -5.46601  0.00772148
         305    -5.36011    -5.46566  0.00770396
         306    -5.40591    -5.46547  0.00768126
         307    -5.41419     -5.4653  0.00765806
         308     -5.3968    -5.46508  0.00763642
         309    -5.41705    -5.46492  0.00761329
         310    -5.33793    -5.46451  0.00759975
         311    -5.34327    -5.46412   0.0075853
         312    -5.44144    -5.46405  0.00756134
         313    -5.46858    -5.46406  0.00753719
         314    -5.39704    -5.46385  0.00751621
         315     -5.4105    -5.46368  0.00749426
         316    -5.37056    -5.46339  0.00747633
         317    -5.32342    -5.46294  0.00746578
         318    -5.38656     -5.4627  0.00744616
         319    -5.39342    -5.46249  0.00742599
         320    -5.36938     -5.4622  0.00740848
         321    -5.36842     -5.4619  0.00739115
         322    -5.33511    -5.46151  0.00737868
         323    -5.40093    -5.46132  0.00735822
         324    -5.45996    -5.46132  0.00733551
         325    -5.53211    -5.46154  0.00731617
         326    -5.44806    -5.46149  0.00729385
         327     -5.4746    -5.46153  0.00727165
         328    -5.48847    -5.46162  0.00724995
         329    -5.48649    -5.46169  0.00722831
         330    -5.50187    -5.46181  0.00720743
         331    -5.55095    -5.46208  0.00719068
         332    -5.58946    -5.46247  0.00717925
         333    -5.64595    -5.46302  0.00717881
         334    -5.58228    -5.46337  0.00716619
         335    -5.62517    -5.46386  0.00716105
         336    -5.61911    -5.46432  0.00715463
         337    -5.63295    -5.46482  0.00715088
         338    -5.61906    -5.46528  0.00714426
         339    -5.54695    -5.46552  0.00712725
         340    -5.50415    -5.46563  0.00710719
         341    -5.54895    -5.46588  0.00709055
         342    -5.49731    -5.46597  0.00707041
         343    -5.50604    -5.46608  0.00705076
         344    -5.53566    -5.46629  0.00703317
         345    -5.54531    -5.46652  0.00701651
         346    -5.57277    -5.46682  0.00700295
         347    -5.62621    -5.46728  0.00699782
         348    -5.56079    -5.46755  0.00698286
         349    -5.50994    -5.46767  0.00696391
         350    -5.51278     -5.4678  0.00694521
         351    -5.46564    -5.46779  0.00692542
         352    -5.44674    -5.46773  0.00690601
         353    -5.46385    -5.46772  0.00688645
         354    -5.46838    -5.46773    0.006867
         355    -5.45335    -5.46769  0.00684778
         356    -5.53176    -5.46787  0.00683091
         357    -5.51252    -5.46799  0.00681292
         358     -5.5068     -5.4681  0.00679475
         359    -5.47834    -5.46813  0.00677588
         360    -5.50763    -5.46824  0.00675795
         361    -5.54327    -5.46844  0.00674242
         362    -5.48815     -5.4685  0.00672402
         363    -5.42826    -5.46839  0.00670641
         364    -5.47338     -5.4684    0.006688
         365    -5.45334    -5.46836   0.0066698
         366     -5.5216    -5.46851  0.00665316
         367    -5.51955    -5.46865  0.00663649
         368    -5.63274    -5.46909  0.00663342
         369    -5.63838    -5.46955  0.00663129
         370    -5.59963     -5.4699  0.00662268
         371     -5.5176    -5.47003  0.00660608
         372    -5.46881    -5.47003  0.00658832
         373    -5.56516    -5.47028  0.00657559
         374    -5.47975    -5.47031  0.00655806
         375    -5.46533    -5.47029  0.00654058
         376    -5.53857    -5.47048  0.00652571
         377    -5.53794    -5.47065  0.00651085
         378    -5.50097    -5.47073  0.00649412
         379    -5.52742    -5.47088  0.00647871
         380    -5.55102     -5.4711  0.00646509
         381    -5.44318    -5.47102  0.00644854
         382    -5.57483    -5.47129  0.00643738
         383    -5.55564    -5.47151  0.00642434
         384    -5.47973    -5.47154  0.00640764
         385    -5.60028    -5.47187  0.00639972
         386    -5.56358    -5.47211  0.00638755
         387    -5.64253    -5.47255  0.00638621
         388    -5.58073    -5.47283  0.00637583
         389    -5.53537    -5.47299  0.00636147
         390    -5.49209    -5.47304  0.00634534
         391    -5.47015    -5.47303  0.00632912
         392    -5.61117    -5.47338  0.00632278
         393    -5.61939    -5.47375  0.00631759
         394    -5.64479    -5.47419  0.00631646
         395    -5.57619    -5.47445  0.00630574
         396      -5.565    -5.47467  0.00629396
         397    -5.55599    -5.47488  0.00628144
         398    -5.58017    -5.47514  0.00627123
         399    -5.58796    -5.47543  0.00626188
         400    -5.58188    -5.47569  0.00625188
         401    -5.64039     -5.4761  0.00624976
         402    -5.66083    -5.47656  0.00625109
         403    -5.58358    -5.47683  0.00624122
         404    -5.55799    -5.47703    0.006229
         405    -5.51384    -5.47712  0.00621428
         406    -5.50491    -5.47719  0.00619935
         407    -5.48763    -5.47721  0.00618417
         408    -5.51786    -5.47731  0.00616982
         409     -5.5171    -5.47741   0.0061555
         410    -5.49719    -5.47746  0.00614068
         411    -5.46713    -5.47743  0.00612579
         412    -5.50203    -5.47749  0.00611121
         413     -5.5003    -5.47755  0.00609666
         414    -5.54909    -5.47772  0.00608438
         415    -5.53712    -5.47786  0.00607141
         416    -5.56857    -5.47808  0.00606073
         417    -5.56482    -5.47829  0.00604976
         418    -5.61335    -5.47861  0.00604391
         419    -5.60188    -5.47891  0.00603664
         420     -5.5771    -5.47914  0.00602679
         421    -5.56466    -5.47934   0.0060159
         422    -5.57714    -5.47958  0.00600611
         423    -5.58462    -5.47983  0.00599704
         424    -5.51002     -5.4799  0.00598332
         425    -5.43731     -5.4798  0.00597008
         426    -5.52492     -5.4799    0.005957
         427     -5.5203       -5.48   0.0059438
         428     -5.5215    -5.48009  0.00593071
         429    -5.56604    -5.48029  0.00592027
         430    -5.57286    -5.48051  0.00591041
         431    -5.57481    -5.48073  0.00590074
         432    -5.54563    -5.48088    0.005889
         433     -5.4895     -5.4809  0.00587543
         434    -5.41227    -5.48074  0.00586402
         435    -5.34653    -5.48043  0.00585865
         436    -5.36236    -5.48016  0.00585147
         437    -5.38766    -5.47995  0.00584191
         438    -5.34556    -5.47964  0.00583662
         439    -5.39252    -5.47944   0.0058267
         440    -5.39989    -5.47926  0.00581626
         441    -5.37466    -5.47903  0.00580791
         442    -5.24509     -5.4785  0.00581883
         443    -5.28015    -5.47805   0.0058229
         444     -5.3665     -5.4778   0.0058152
         445    -5.39756    -5.47762  0.00580493
         446    -5.37872     -5.4774  0.00579614
         447    -5.45935    -5.47735  0.00578332
         448    -5.44908    -5.47729  0.00577075
         449    -5.45995    -5.47725  0.00575803
         450    -5.46025    -5.47722  0.00574536
         451    -5.48375    -5.47723  0.00573264
         452    -5.45843    -5.47719  0.00572011
         453    -5.46903    -5.47717  0.00570751
         454     -5.5445    -5.47732  0.00569686
         455    -5.50785    -5.47739  0.00568474
         456    -5.46779    -5.47736  0.00567231
         457    -5.43808    -5.47728  0.00566055
         458    -5.46809    -5.47726  0.00564822
         459    -5.46201    -5.47723  0.00563602
         460    -5.46697     -5.4772  0.00562381
         461    -5.46318    -5.47717  0.00561169
         462    -5.51008    -5.47724      0.0056
         463    -5.46986    -5.47723  0.00558793
         464    -5.49704    -5.47727  0.00557605
         465    -5.46775    -5.47725  0.00556409
         466    -5.44069    -5.47717   0.0055527
         467    -5.42846    -5.47707  0.00554179
         468    -5.51323    -5.47714  0.00553049
         469    -5.59461     -5.4774  0.00552437
         470    -5.57332     -5.4776  0.00551638
         471    -5.51568    -5.47768  0.00550526
         472    -5.55275    -5.47784   0.0054959
         473    -5.56883    -5.47803  0.00548764
         474    -5.58081    -5.47825  0.00548035
         475       -5.41     -5.4781  0.00547069
         476    -5.37653    -5.47789  0.00546336
         477    -5.48334     -5.4779  0.00545192
         478    -5.47166    -5.47789  0.00544053
         479    -5.50494    -5.47795  0.00542946
         480    -5.52496    -5.47804  0.00541903
         481    -5.43082    -5.47795  0.00540866
         482    -5.48353    -5.47796  0.00539745
         483    -5.60193    -5.47821  0.00539237
         484    -5.55986    -5.47838  0.00538387
         485    -5.63639    -5.47871  0.00538262
         486    -5.65605    -5.47907   0.0053839
         487    -5.68287    -5.47949  0.00538908
         488    -5.71401    -5.47997  0.00539942
         489    -5.63519    -5.48029   0.0053977
         490     -5.7193    -5.48078  0.00540868
         491    -5.63759     -5.4811  0.00540708
         492    -5.64213    -5.48142  0.00540599
         493    -5.62176    -5.48171  0.00540252
         494    -5.58237    -5.48191  0.00539542
         495    -5.64385    -5.48224  0.00539443
         496     -5.6376    -5.48255  0.00539264
         497    -5.66513    -5.48292  0.00539429
         498    -5.67926    -5.48331  0.00539784
         499    -5.65735    -5.48366  0.00539828
         500    -5.64125    -5.48398  0.00539668
         501    -5.53789    -5.48409  0.00538698
         502    -5.52628    -5.48417   0.0053769
         503    -5.53481    -5.48427  0.00536716
         504     -5.5136    -5.48433  0.00535682
         505    -5.52021     -5.4844  0.00534669
         506    -5.51555    -5.48446  0.00533647
         507    -5.54737    -5.48459  0.00532739
         508    -5.53239    -5.48468  0.00531773
         509    -5.46786    -5.48465  0.00530739
         510    -5.48044    -5.48464  0.00529699
         511    -5.52756    -5.48472  0.00528729
         512    -5.49333    -5.48474  0.00527699
         513    -5.49217    -5.48475  0.00526672
         514    -5.51307    -5.48481  0.00525676
         515    -5.50745    -5.48485  0.00524674
         516    -5.44975    -5.48479  0.00523701
         517    -5.55213    -5.48492   0.0052285
         518    -5.55194    -5.48504  0.00522001
         519    -5.55132    -5.48517  0.00521152
         520    -5.49112    -5.48518  0.00520151
         521    -5.53002    -5.48527  0.00519223
         522    -5.52579    -5.48535  0.00518287
         523     -5.4956    -5.48537  0.00517299
         524    -5.43131    -5.48526  0.00516415
         525    -5.43685    -5.48517  0.00515514
         526    -5.39671      -5.485  0.00514808
         527    -5.36023    -5.48477  0.00514375
         528    -5.34739    -5.48451  0.00514059
         529    -5.33632    -5.48423   0.0051385
         530    -5.29454    -5.48387  0.00514125
         531    -5.36067    -5.48364   0.0051368
         532    -5.45275    -5.48358  0.00512747
         533    -5.42589    -5.48347  0.00511899
         534    -5.49023    -5.48348  0.00510942
         535    -5.58204    -5.48367  0.00510319
         536    -5.51252    -5.48372  0.00509396
         537    -5.41944     -5.4836  0.00508588
         538    -5.47209    -5.48358  0.00507647
         539    -5.46638    -5.48355  0.00506715
         540    -5.40302     -5.4834  0.00505996
         541    -5.43093     -5.4833  0.00505154
         542    -5.38499    -5.48312  0.00504547
         543     -5.4246    -5.48301  0.00503733
         544    -5.32729    -5.48273   0.0050362
         545    -5.40667    -5.48259  0.00502889
         546    -5.36706    -5.48238  0.00502413
         547    -5.46434    -5.48234  0.00501505
         548    -5.50348    -5.48238  0.00500605
         549    -5.47087    -5.48236  0.00499698
         550    -5.48735    -5.48237   0.0049879
         551    -5.49299    -5.48239  0.00497888
         552     -5.5104    -5.48244  0.00497012
         553    -5.45222    -5.48238  0.00496144
         554    -5.42769    -5.48229  0.00495346
         555    -5.40551    -5.48215  0.00494647
         556    -5.43577    -5.48206  0.00493827
         557    -5.40642    -5.48193  0.00493128
         558    -5.38846    -5.48176  0.00492528
         559    -5.34267    -5.48151  0.00492275
         560    -5.39472    -5.48136   0.0049164
         561    -5.32481    -5.48108  0.00491555
         562    -5.42161    -5.48097  0.00490794
         563    -5.40699    -5.48084  0.00490099
         564    -5.37207    -5.48065  0.00489609
         565      -5.432    -5.48056  0.00488818
         566    -5.53743    -5.48066  0.00488058
         567     -5.5112    -5.48072  0.00487227
         568    -5.41183    -5.48059   0.0048652
         569    -5.38272    -5.48042  0.00485969
         570     -5.3414    -5.48018  0.00485728
         571    -5.45057    -5.48013  0.00484905
         572    -5.48353    -5.48013  0.00484057
         573     -5.4932    -5.48016  0.00483218
         574     -5.4354    -5.48008  0.00482439
         575    -5.46579    -5.48005  0.00481606
         576    -5.53788    -5.48015  0.00480875
         577    -5.57184    -5.48031  0.00480304
         578    -5.50861    -5.48036  0.00479498
         579    -5.48796    -5.48037  0.00478672
         580    -5.49961    -5.48041  0.00477858
         581    -5.54538    -5.48052  0.00477166
         582    -5.53435    -5.48061  0.00476436
         583    -5.62345    -5.48086  0.00476248
         584    -5.59468    -5.48105  0.00475831
         585     -5.5329    -5.48114  0.00475101
         586    -5.52556    -5.48122   0.0047435
         587    -5.65676    -5.48152  0.00474484
         588    -5.61477    -5.48174  0.00474218
         589    -5.61624    -5.48197  0.00473962
         590    -5.61193    -5.48219   0.0047367
         591    -5.51407    -5.48224    0.004729
         592    -5.54676    -5.48235  0.00472226
         593    -5.57728    -5.48251  0.00471701
         594    -5.63208    -5.48277  0.00471579
         595    -5.60981    -5.48298  0.00471269
         596    -5.54431    -5.48308  0.00470591
         597    -5.55871    -5.48321  0.00469973
         598    -5.57703    -5.48337  0.00469449
         599    -5.55403    -5.48348  0.00468814
         600    -5.66411    -5.48378  0.00468998
         601     -5.5469    -5.48389  0.00468335
         602    -5.55276      -5.484  0.00467697
         603    -5.55708    -5.48412  0.00467078
         604    -5.54586    -5.48423  0.00466417
         605    -5.50634    -5.48426   0.0046566
         606    -5.42522    -5.48417  0.00464994
         607    -5.37678    -5.48399  0.00464564
         608    -5.43591    -5.48391  0.00463867
         609    -5.44607    -5.48385  0.00463147
         610    -5.49321    -5.48386   0.0046239
         611    -5.55729    -5.48398   0.0046179
         612    -5.61181    -5.48419  0.00461507
         613    -5.59459    -5.48437  0.00461106
         614    -5.52344    -5.48444  0.00460399
         615    -5.53893    -5.48452  0.00459735
         616     -5.4904    -5.48453   0.0045899
         617    -5.52032    -5.48459  0.00458283
         618    -5.52356    -5.48466  0.00457584
         619    -5.56038    -5.48478  0.00457009
         620    -5.55287    -5.48489  0.00456404
         621    -5.58428    -5.48505  0.00455949
         622    -5.60079    -5.48523  0.00455596
         623    -5.55387    -5.48534  0.00454998
         624    -5.56479    -5.48547  0.00454446
         625    -5.54095    -5.48556  0.00453806
         626    -5.49741    -5.48558  0.00453085
         627    -5.49666     -5.4856  0.00452366
         628    -5.48469     -5.4856  0.00451646
         629    -5.49081     -5.4856  0.00450928
         630    -5.53597    -5.48568  0.00450283
         631    -5.48297    -5.48568   0.0044957
         632    -5.44083    -5.48561  0.00448915
         633     -5.4686    -5.48558  0.00448214
         634    -5.43955    -5.48551  0.00447565
         635    -5.47385    -5.48549  0.00446864
         636    -5.41872    -5.48539  0.00446285
         637    -5.40167    -5.48525  0.00445778
         638    -5.32969    -5.48501  0.00445746
         639    -5.38408    -5.48485  0.00445328
         640    -5.33791    -5.48462  0.00445223
         641    -5.41059    -5.48451  0.00444679
         642    -5.42024    -5.48441  0.00444099
         643    -5.44461    -5.48434  0.00443451
         644    -5.35408    -5.48414  0.00443224
         645    -5.46686    -5.48412  0.00442545
         646    -5.45196    -5.48407  0.00441887
         647    -5.56453    -5.48419  0.00441379
         648    -5.59681    -5.48436   0.0044104
         649    -5.52525    -5.48443  0.00440406
         650    -5.47119    -5.48441  0.00439733
         651    -5.38834    -5.48426  0.00439305
         652    -5.40434    -5.48414  0.00438802
         653    -5.37561    -5.48397  0.00438445
         654    -5.36145    -5.48378  0.00438175
         655     -5.4132    -5.48368  0.00437638
         656    -5.40359    -5.48355  0.00437141
         657    -5.39028    -5.48341  0.00436706
         658    -5.36421    -5.48323  0.00436418
         659    -5.34997    -5.48303  0.00436224
         660    -5.33224     -5.4828  0.00436161
         661    -5.28299     -5.4825  0.00436547
         662    -5.33149    -5.48227  0.00436484
         663     -5.3917    -5.48213  0.00436039
         664    -5.46926    -5.48211  0.00435387
         665    -5.50085    -5.48214  0.00434741
         666    -5.54053    -5.48223  0.00434177
         667    -5.51792    -5.48228  0.00433559
         668    -5.39809    -5.48216  0.00433093
         669    -5.42587    -5.48207  0.00432527
         670    -5.59852    -5.48225  0.00432231
         671    -5.63823    -5.48248  0.00432211
         672    -5.65309    -5.48273  0.00432313
         673    -5.59071    -5.48289  0.00431968
         674    -5.57114    -5.48302  0.00431526
         675    -5.54792    -5.48312  0.00430994
         676    -5.57476    -5.48326  0.00430569
         677    -5.52424    -5.48332  0.00429976
         678     -5.5589    -5.48343  0.00429486
         679    -5.60025     -5.4836  0.00429198
         680    -5.60296    -5.48378  0.00428926
         681    -5.67224    -5.48405  0.00429188
         682    -5.58805     -5.4842  0.00428829
         683    -5.65228    -5.48445  0.00428907
         684    -5.68066    -5.48474  0.00429238
         685    -5.67506    -5.48502   0.0042951
         686    -5.68497    -5.48531  0.00429871
         687    -5.64616    -5.48554  0.00429883
         688    -5.62423    -5.48574   0.0042973
         689    -5.61507    -5.48593  0.00429516
         690    -5.50281    -5.48595  0.00428901
         691    -5.49061    -5.48596  0.00428281
         692    -5.54092    -5.48604  0.00427735
         693    -5.64721    -5.48627   0.0042775
         694    -5.59579    -5.48643  0.00427425
         695    -5.59447    -5.48659  0.00427092
         696    -5.58408    -5.48673  0.00426708
         697    -5.60286    -5.48689  0.00426421
         698    -5.57561    -5.48702     0.00426
         699     -5.5659    -5.48713   0.0042554
         700    -5.50354    -5.48716  0.00424938
         701    -5.52197    -5.48721  0.00424361
         702    -5.51452    -5.48725  0.00423774
         703    -5.50009    -5.48726  0.00423175
         704    -5.50486    -5.48729  0.00422582
         705    -5.52066    -5.48734  0.00422009
         706    -5.56297    -5.48744  0.00421547
         707    -5.54247    -5.48752  0.00421023
         708     -5.5446     -5.4876  0.00420505
         709    -5.51372    -5.48764  0.00419928
         710    -5.55539    -5.48773  0.00419445
         711    -5.57121    -5.48785   0.0041902
         712    -5.59285      -5.488   0.0041869
         713    -5.55221    -5.48809    0.004182
         714    -5.49652     -5.4881  0.00417616
         715    -5.46751    -5.48807  0.00417042
         716    -5.40452    -5.48795  0.00416623
         717    -5.40643    -5.48784  0.00416197
         718    -5.40932    -5.48773  0.00415761
         719    -5.41928    -5.48764  0.00415291
         720    -5.33033    -5.48742  0.00415289
         721    -5.30001    -5.48716  0.00415526
         722     -5.3698      -5.487  0.00415268
         723    -5.39032    -5.48686  0.00414909
         724    -5.49032    -5.48687  0.00414336
         725    -5.54857    -5.48695  0.00413852
         726    -5.56582    -5.48706  0.00413424
         727    -5.52262    -5.48711  0.00412885
         728     -5.5066    -5.48714  0.00412326
         729    -5.58991    -5.48728  0.00412001
         730    -5.53224    -5.48734  0.00411483
         731    -5.52507    -5.48739  0.00410953
         732    -5.48983    -5.48739  0.00410391
         733     -5.4325    -5.48732    0.004099
         734    -5.36203    -5.48715  0.00409697
         735    -5.35958    -5.48697  0.00409507
         736    -5.36397    -5.48681  0.00409291
         737    -5.40084    -5.48669  0.00408902
         738    -5.32912    -5.48648  0.00408905
         739    -5.31801    -5.48625  0.00408987
         740    -5.33465    -5.48604  0.00408947
         741     -5.4116    -5.48594  0.00408518
         742    -5.33969    -5.48575  0.00408443
         743    -5.43113    -5.48567  0.00407959
         744    -5.55045    -5.48576  0.00407504
         745    -5.46013    -5.48573  0.00406971
         746     -5.4991    -5.48574   0.0040643
         747    -5.49578    -5.48576  0.00405888
         748    -5.44037     -5.4857  0.00405391
         749    -5.52054    -5.48574  0.00404876
         750     -5.5346    -5.48581  0.00404389
         751     -5.5616    -5.48591  0.00403976
         752    -5.54819    -5.48599  0.00403524
         753    -5.50651    -5.48602  0.00402997
         754    -5.45252    -5.48597  0.00402487
         755    -5.52941    -5.48603  0.00401995
         756    -5.57412    -5.48615  0.00401632
         757    -5.53549    -5.48621  0.00401154
         758    -5.58018    -5.48634  0.00400817
         759    -5.55076    -5.48642  0.00400379
         760    -5.55241    -5.48651  0.00399946
         761    -5.55672     -5.4866  0.00399527
         762    -5.59412    -5.48674  0.00399251
         763    -5.61419    -5.48691  0.00399077
         764    -5.55244      -5.487  0.00398647
         765     -5.4739    -5.48698   0.0039813
         766    -5.58961    -5.48711  0.00397836
         767    -5.60991    -5.48727  0.00397639
         768    -5.59475    -5.48741  0.00397367
         769    -5.56553    -5.48751   0.0039698
         770    -5.48839    -5.48752  0.00396465
         771    -5.49198    -5.48752  0.00395951
         772    -5.58583    -5.48765  0.00395643
         773    -5.68054     -5.4879  0.00395917
         774    -5.75234    -5.48824  0.00396877
         775    -5.65253    -5.48845  0.00396931
         776    -5.66364    -5.48868  0.00397061
         777    -5.68406    -5.48893  0.00397345
         778    -5.68291    -5.48918  0.00397616
         779    -5.66826    -5.48941  0.00397769
         780    -5.66749    -5.48964  0.00397914
         781    -5.64123    -5.48983  0.00397878
         782    -5.59378    -5.48996  0.00397591
         783    -5.61292    -5.49012  0.00397393
         784    -5.58969    -5.49025  0.00397089
         785     -5.5525    -5.49033  0.00396663
         786    -5.49309    -5.49033  0.00396158
         787    -5.36888    -5.49018  0.00395955
         788    -5.36303    -5.49001  0.00395781
         789    -5.33763    -5.48982  0.00395751
         790     -5.3806    -5.48968  0.00395491
         791    -5.38906    -5.48956  0.00395196
         792     -5.2511    -5.48926  0.00395842
         793    -5.28151    -5.48899  0.00396209
         794    -5.30013    -5.48876  0.00396423
         795    -5.39828    -5.48864  0.00396088
         796     -5.4012    -5.48853  0.00395742
         797    -5.40423    -5.48843  0.00395387
         798    -5.42869    -5.48835  0.00394963
         799    -5.36609     -5.4882  0.00394765
         800      -5.439    -5.48814  0.00394319
         801    -5.41099    -5.48804  0.00393944
         802     -5.4767    -5.48803  0.00393456
         803    -5.51315    -5.48806  0.00392978
         804    -5.44791    -5.48801  0.00392521
         805    -5.52059    -5.48805  0.00392054
         806    -5.55849    -5.48814  0.00391665
         807    -5.62798    -5.48831  0.00391563
         808    -5.53637    -5.48837  0.00391124
         809     -5.4914    -5.48837   0.0039064
         810     -5.4953    -5.48838  0.00390159
         811    -5.52593    -5.48843  0.00389705
         812     -5.4943    -5.48843  0.00389226
         813    -5.59176    -5.48856  0.00388955
         814    -5.60762    -5.48871  0.00388752
         815    -5.56539     -5.4888  0.00388389
         816    -5.51652    -5.48884  0.00387928
         817    -5.54104     -5.4889  0.00387506
         818    -5.59364    -5.48903  0.00387243
         819    -5.58821    -5.48915   0.0038696
         820    -5.61529     -5.4893  0.00386794
         821    -5.59688    -5.48943  0.00386544
         822    -5.53417    -5.48949  0.00386112
         823    -5.57935     -5.4896  0.00385798
         824    -5.55031    -5.48967    0.003854
         825     -5.5771    -5.48978  0.00385078
         826    -5.60575    -5.48992  0.00384868
         827    -5.53463    -5.48997  0.00384441
         828    -5.39537    -5.48986  0.00384146
         829     -5.4316    -5.48979  0.00383747
         830     -5.4542    -5.48974  0.00383309
         831    -5.50249    -5.48976   0.0038285
         832    -5.57079    -5.48986  0.00382514
         833    -5.53005     -5.4899  0.00382085
         834    -5.49232    -5.48991  0.00381627
         835    -5.47709    -5.48989  0.00381173
         836    -5.49159    -5.48989  0.00380717
         837    -5.50172    -5.48991  0.00380265
         838    -5.42387    -5.48983  0.00379893
         839    -5.51863    -5.48986  0.00379456
         840    -5.39928    -5.48976  0.00379157
         841    -5.35269    -5.48959  0.00379056
         842    -5.29763    -5.48936  0.00379291
         843    -5.42736    -5.48929  0.00378913
         844    -5.48678    -5.48929  0.00378464
         845    -5.59544    -5.48941  0.00378224
         846     -5.5709    -5.48951    0.003779
         847    -5.46248    -5.48948  0.00377467
         848    -5.40217    -5.48938  0.00377163
         849    -5.46267    -5.48934  0.00376731
         850    -5.46405    -5.48931    0.003763
         851     -5.4934    -5.48932  0.00375858
         852    -5.51995    -5.48936  0.00375434
         853    -5.50253    -5.48937  0.00374997
         854    -5.45171    -5.48933  0.00374584
         855    -5.48072    -5.48932  0.00374147
         856    -5.48435    -5.48931  0.00373711
         857     -5.4889    -5.48931  0.00373275
         858    -5.48319     -5.4893   0.0037284
         859    -5.51353    -5.48933  0.00372417
         860    -5.58945    -5.48945  0.00372166
         861    -5.64604    -5.48963  0.00372178
         862    -5.54383    -5.48969  0.00371799
         863     -5.5068    -5.48971  0.00371373
         864    -5.49468    -5.48972  0.00370944
         865    -5.55622    -5.48979  0.00370595
         866    -5.59567    -5.48992  0.00370368
         867    -5.61266    -5.49006  0.00370212
         868    -5.59133    -5.49018  0.00369969
         869    -5.60322    -5.49031  0.00369772
         870     -5.6255    -5.49046  0.00369673
         871    -5.59003    -5.49058  0.00369426
         872    -5.54009    -5.49063  0.00369046
         873    -5.57676    -5.49073  0.00368755
         874    -5.60721    -5.49086  0.00368573
         875     -5.6165    -5.49101  0.00368432
         876    -5.55616    -5.49108  0.00368086
         877     -5.5521    -5.49115  0.00367732
         878    -5.50205    -5.49116  0.00367316
         879    -5.44914    -5.49112  0.00366929
         880    -5.46623    -5.49109  0.00366523
         881    -5.44894    -5.49104  0.00366138
         882    -5.45773      -5.491  0.00365742
         883    -5.50848    -5.49102  0.00365333
         884    -5.57627    -5.49112  0.00365047
         885    -5.61028    -5.49125  0.00364883
         886    -5.55087    -5.49132  0.00364533
         887    -5.62904    -5.49148  0.00364453
         888    -5.61993    -5.49162  0.00364329
         889    -5.51876    -5.49165  0.00363932
         890    -5.50885    -5.49167  0.00363529
         891    -5.51588     -5.4917  0.00363131
         892    -5.40815     -5.4916  0.00362844
         893    -5.38666    -5.49149  0.00362628
         894    -5.50999    -5.49151  0.00362229
         895    -5.46958    -5.49148  0.00361832
         896    -5.53167    -5.49153  0.00361456
         897    -5.52779    -5.49157  0.00361076
         898    -5.47257    -5.49155   0.0036068
         899    -5.60347    -5.49167  0.00360494
         900    -5.65837    -5.49186  0.00360569
         901    -5.56594    -5.49194  0.00360262
         902    -5.58399    -5.49204  0.00360007
         903    -5.57271    -5.49213  0.00359719
         904    -5.57085    -5.49222  0.00359427
         905    -5.57297    -5.49231   0.0035914
         906    -5.63472    -5.49246  0.00359088
         907    -5.58952    -5.49257  0.00358851
         908    -5.57313    -5.49266  0.00358566
         909    -5.64244    -5.49282   0.0035855
         910    -5.59521    -5.49294  0.00358332
         911    -5.62194    -5.49308  0.00358219
         912    -5.60025     -5.4932  0.00358018
         913    -5.51628    -5.49322  0.00357635
         914    -5.53933    -5.49327   0.0035728
         915    -5.52973    -5.49331  0.00356911
         916    -5.54974    -5.49337  0.00356575
         917    -5.57721    -5.49346  0.00356303
         918     -5.6463    -5.49363  0.00356304
         919    -5.61643    -5.49376  0.00356167
         920    -5.57057    -5.49385  0.00355877
         921    -5.61768    -5.49398  0.00355745
         922    -5.56719    -5.49406  0.00355448
         923     -5.5719    -5.49415  0.00355162
         924    -5.56961    -5.49423  0.00354872
         925     -5.5217    -5.49426  0.00354501
         926    -5.57675    -5.49435   0.0035423
         927    -5.51462    -5.49437  0.00353854
         928    -5.51023    -5.49439  0.00353477
         929     -5.4615    -5.49435  0.00353115
         930    -5.47227    -5.49433  0.00352743
         931    -5.43329    -5.49426  0.00352425
         932    -5.38244    -5.49414  0.00352251
         933    -5.51636    -5.49416  0.00351881
         934     -5.5496    -5.49422  0.00351555
         935      -5.488    -5.49422  0.00351179
         936     -5.4262    -5.49414  0.00350879
         937    -5.46113    -5.49411  0.00350523
         938    -5.42628    -5.49404  0.00350223
         939    -5.48313    -5.49403  0.00349852
         940    -5.49564    -5.49403   0.0034948
         941    -5.46473      -5.494  0.00349123
         942    -5.42982    -5.49393  0.00348819
         943    -5.49567    -5.49393  0.00348449
         944    -5.50561    -5.49394  0.00348082
         945     -5.5258    -5.49398   0.0034773
         946    -5.47856    -5.49396  0.00347366
         947     -5.4222    -5.49388  0.00347082
         948     -5.4244    -5.49381  0.00346793
         949    -5.45447    -5.49377  0.00346452
         950    -5.46629    -5.49374    0.003461
         951    -5.48326    -5.49373  0.00345738
         952    -5.48412    -5.49372  0.00345376
         953    -5.52743    -5.49375  0.00345032
         954    -5.46893    -5.49373   0.0034468
         955    -5.50189    -5.49374   0.0034432
         956    -5.52995    -5.49377  0.00343981
         957      -5.446    -5.49372  0.00343657
         958    -5.46986     -5.4937  0.00343308
         959     -5.4506    -5.49365  0.00342979
         960    -5.36784    -5.49352  0.00342872
         961    -5.35522    -5.49338  0.00342817
         962    -5.43945    -5.49332  0.00342507
         963    -5.43463    -5.49326  0.00342205
         964    -5.42181    -5.49319  0.00341931
         965    -5.43586    -5.49313  0.00341628
         966     -5.3827    -5.49301  0.00341465
         967    -5.40106    -5.49292  0.00341245
         968    -5.39825    -5.49282  0.00341032
         969    -5.45077    -5.49278  0.00340708
         970    -5.42631    -5.49271  0.00340426
         971    -5.42146    -5.49264  0.00340154
         972    -5.44087    -5.49258  0.00339846
         973    -5.38214    -5.49247  0.00339686
         974    -5.34619    -5.49232  0.00339669
         975    -5.35245    -5.49218  0.00339624
         976     -5.3508    -5.49203  0.00339584
         977    -5.30812    -5.49184  0.00339758
         978    -5.23773    -5.49158  0.00340403
         979     -5.3199    -5.49141  0.00340507
         980    -5.38587     -5.4913  0.00340329
         981    -5.31718    -5.49112  0.00340445
         982    -5.29887    -5.49093  0.00340661
         983    -5.33973    -5.49077  0.00340661
         984    -5.36004    -5.49064  0.00340574
         985    -5.31817    -5.49047  0.00340678
         986    -5.36127    -5.49033  0.00340584
         987    -5.39595    -5.49024  0.00340374
         988    -5.43413    -5.49018  0.00340076
         989    -5.52869    -5.49022  0.00339755
         990    -5.49117    -5.49022  0.00339412
         991    -5.45256    -5.49018   0.0033909
         992    -5.37971    -5.49007  0.00338931
         993    -5.37568    -5.48996  0.00338786
         994    -5.41863    -5.48989  0.00338521
         995    -5.50759     -5.4899  0.00338185
         996    -5.40522    -5.48982  0.00337953
         997    -5.45636    -5.48978   0.0033763
         998    -5.53676    -5.48983  0.00337325
         999     -5.4962    -5.48984  0.00336988
        1000    -5.43524    -5.48978  0.00336695
        1001    -5.43955    -5.48973  0.00336396
        1002    -5.47241    -5.48972  0.00336065
        1003    -5.45536    -5.48968  0.00335747
        1004    -5.49487    -5.48969  0.00335413
        1005    -5.53169    -5.48973  0.00335106
        1006     -5.5517    -5.48979  0.00334829
        1007    -5.47405    -5.48977    0.003345
        1008    -5.49395    -5.48978  0.00334169
        1009    -5.56918    -5.48986   0.0033393
        1010    -5.57445    -5.48994  0.00333704
        1011    -5.61703    -5.49007  0.00333611
        1012    -5.69469    -5.49027  0.00333894
        1013    -5.66532    -5.49044  0.00334011
        1014     -5.6484     -5.4906  0.00334045
        1015    -5.56639    -5.49067  0.00333799
        1016    -5.53978    -5.49072  0.00333505
        1017    -5.56343    -5.49079  0.00333254
        1018    -5.60384     -5.4909  0.00333112
        1019    -5.47734    -5.49089  0.00332787
        1020     -5.4229    -5.49082  0.00332528
        1021    -5.38824    -5.49072  0.00332354
        1022     -5.4134    -5.49065  0.00332115
        1023    -5.37841    -5.49054  0.00331971
        1024    -5.37457    -5.49042   0.0033184
        1025    -5.34245    -5.49028   0.0033183
        1026    -5.35745    -5.49015  0.00331759
        1027    -5.36994    -5.49003  0.00331643
        1028    -5.38991    -5.48994  0.00331463
        1029    -5.39032    -5.48984  0.00331282
        1030    -5.43263    -5.48978  0.00331007
        1031    -5.45378    -5.48975  0.00330705
        1032    -5.48936    -5.48975  0.00330384
        1033    -5.48992    -5.48975  0.00330065
        1034    -5.51528    -5.48977  0.00329755
        1035    -5.54247    -5.48982  0.00329475
        1036    -5.53783    -5.48987   0.0032919
        1037    -5.54725    -5.48993  0.00328919
        1038    -5.56681       -5.49  0.00328685
        1039    -5.58159    -5.49009  0.00328487
        1040    -5.69738    -5.49029  0.00328776
        1041    -5.74107    -5.49053  0.00329341
        1042    -5.60991    -5.49064  0.00329224
        1043    -5.66738    -5.49081  0.00329344
        1044    -5.57962     -5.4909  0.00329139
        1045    -5.54328    -5.49095  0.00328862
        1046    -5.53537    -5.49099  0.00328575
        1047    -5.52766    -5.49102   0.0032828
        1048    -5.49814    -5.49103  0.00327967
        1049    -5.50745    -5.49105  0.00327658
        1050    -5.49062    -5.49105  0.00327346
        1051     -5.4995    -5.49105  0.00327036
        1052    -5.47366    -5.49104  0.00326729
        1053    -5.54822    -5.49109  0.00326464
        1054     -5.4864    -5.49109  0.00326155
        1055    -5.51122    -5.49111  0.00325851
        1056    -5.56472    -5.49118  0.00325617
        1057     -5.5377    -5.49122  0.00325339
        1058    -5.55531    -5.49128  0.00325088
        1059    -5.49731    -5.49129  0.00324781
        1060    -5.51826    -5.49131  0.00324485
        1061    -5.47238    -5.49129  0.00324184
        1062    -5.39111     -5.4912  0.00324016
        1063    -5.42238    -5.49114  0.00323776
        1064    -5.37329    -5.49102  0.00323661
        1065    -5.39536    -5.49094  0.00323481
        1066    -5.42956    -5.49088  0.00323229
        1067    -5.49253    -5.49088  0.00322926
        1068    -5.50217    -5.49089  0.00322626
        1069    -5.45179    -5.49085  0.00322344
        1070    -5.42571    -5.49079  0.00322101
        1071    -5.35027    -5.49066  0.00322067
        1072    -5.44329    -5.49062  0.00321797
        1073     -5.5088    -5.49063  0.00321502
        1074    -5.56074     -5.4907  0.00321268
        1075    -5.51937    -5.49073  0.00320981
        1076    -5.51294    -5.49075  0.00320689
        1077     -5.5206    -5.49077  0.00320403
        1078     -5.5356    -5.49082  0.00320133
        1079    -5.60766    -5.49092  0.00320019
        1080    -5.56705    -5.49099  0.00319801
        1081    -5.46777    -5.49097  0.00319512
        1082    -5.49998    -5.49098  0.00319218
        1083    -5.52271    -5.49101  0.00318937
        1084    -5.48318      -5.491  0.00318643
        1085    -5.56735    -5.49107  0.00318427
        1086    -5.57781    -5.49115  0.00318234
        1087     -5.4659    -5.49113   0.0031795
        1088    -5.40812    -5.49105  0.00317749
        1089    -5.45538    -5.49102  0.00317474
        1090    -5.45722    -5.49099  0.00317198
        1091     -5.4444    -5.49095  0.00316936
        1092    -5.40968    -5.49087  0.00316733
        1093    -5.45631    -5.49084  0.00316459
        1094    -5.46337    -5.49082   0.0031618
        1095    -5.44913    -5.49078  0.00315914
        1096     -5.3703    -5.49067  0.00315817
        1097    -5.36893    -5.49056  0.00315724
        1098    -5.32788    -5.49041  0.00315784
        1099    -5.32102    -5.49026  0.00315872
        1100    -5.36762    -5.49014  0.00315782
        1101    -5.44877    -5.49011  0.00315518
        1102      -5.506    -5.49012  0.00315235
        1103    -5.38261    -5.49002  0.00315099
        1104    -5.31792    -5.48987  0.00315199
        1105    -5.34487    -5.48974  0.00315187
        1106    -5.41675    -5.48967  0.00314971
        1107    -5.40167    -5.48959  0.00314787
        1108    -5.47523    -5.48958  0.00314506
        1109    -5.38015    -5.48948  0.00314377
        1110    -5.42071    -5.48942  0.00314155
        1111    -5.42654    -5.48936  0.00313923
        1112    -5.33959    -5.48923  0.00313929
        1113    -5.41434    -5.48916  0.00313719
        1114    -5.50995    -5.48918  0.00313443
        1115    -5.43329    -5.48913  0.00313202
        1116     -5.4586     -5.4891  0.00312933
        1117     -5.4768    -5.48909  0.00312655
        1118    -5.44882    -5.48905  0.00312396
        1119    -5.47843    -5.48904  0.00312119
        1120     -5.4491    -5.48901   0.0031186
        1121    -5.48211      -5.489  0.00311583
        1122    -5.44057    -5.48896  0.00311335
        1123    -5.48677    -5.48896  0.00311058
        1124    -5.51538    -5.48898   0.0031079
        1125    -5.38417    -5.48889  0.00310653
        1126    -5.42512    -5.48883  0.00310429
        1127    -5.53035    -5.48887  0.00310175
        1128    -5.57911    -5.48895  0.00310004
        1129    -5.50759    -5.48896  0.00309733
        1130     -5.5034    -5.48898  0.00309462
        1131     -5.5175      -5.489  0.00309199
        1132    -5.52243    -5.48903   0.0030894
        1133    -5.50113    -5.48904  0.00308669
        1134    -5.52476    -5.48907  0.00308413
        1135    -5.54876    -5.48913  0.00308186
        1136    -5.50574    -5.48914  0.00307918
        1137    -5.52549    -5.48917  0.00307664
        1138    -5.49295    -5.48918  0.00307393
        1139    -5.53238    -5.48921  0.00307147
        1140    -5.48579    -5.48921  0.00306878
        1141    -5.34621    -5.48908  0.00306865
        1142    -5.41749    -5.48902   0.0030666
        1143    -5.41872    -5.48896  0.00306453
        1144    -5.37446    -5.48886  0.00306349
        1145    -5.48384    -5.48886  0.00306082
        1146    -5.50969    -5.48887   0.0030582
        1147    -5.40629     -5.4888  0.00305638
        1148    -5.38715    -5.48871    0.003055
        1149    -5.37779    -5.48862  0.00305387
        1150    -5.40888    -5.48855    0.003052
        1151    -5.46508    -5.48853  0.00304941
        1152    -5.49153    -5.48853  0.00304677
        1153    -5.52816    -5.48856  0.00304432
        1154    -5.50929    -5.48858  0.00304173
        1155    -5.48834    -5.48858   0.0030391
        1156     -5.4184    -5.48852  0.00303708
        1157    -5.43028    -5.48847  0.00303487
        1158     -5.4101     -5.4884    0.003033
        1159    -5.43886    -5.48836  0.00303069
        1160    -5.47123    -5.48835  0.00302811
        1161    -5.51673    -5.48837   0.0030256
        1162    -5.49887    -5.48838  0.00302301
        1163    -5.53682    -5.48842   0.0030207
        1164    -5.53023    -5.48846  0.00301832
        1165    -5.57973    -5.48854  0.00301674
        1166    -5.48647    -5.48853  0.00301416
        1167    -5.44975     -5.4885  0.00301176
        1168    -5.47695    -5.48849   0.0030092
        1169    -5.39407    -5.48841   0.0030077
        1170    -5.45923    -5.48838  0.00300524
        1171    -5.48828    -5.48838  0.00300267
        1172    -5.47629    -5.48837  0.00300013
        1173    -5.43837    -5.48833  0.00299787
        1174    -5.40676    -5.48826  0.00299612
        1175    -5.37493    -5.48817  0.00299513
        1176    -5.49795    -5.48817  0.00299259
        1177    -5.50416    -5.48819  0.00299008
        1178    -5.50526     -5.4882  0.00298758
        1179    -5.53084    -5.48824  0.00298526
        1180    -5.56389     -5.4883  0.00298342
        1181    -5.49201    -5.48831  0.00298089
        1182    -5.58839    -5.48839  0.00297958
        1183    -5.60236    -5.48849  0.00297861
        1184    -5.68686    -5.48865  0.00298081
        1185    -5.64441    -5.48879  0.00298119
        1186    -5.64239    -5.48892  0.00298149
        1187    -5.49121    -5.48892  0.00297897
        1188    -5.45766    -5.48889  0.00297658
        1189    -5.44443    -5.48885  0.00297431
        1190    -5.47665    -5.48884  0.00297183
        1191    -5.51679    -5.48887  0.00296943
        1192    -5.50111    -5.48888  0.00296696
        1193    -5.50903    -5.48889  0.00296452
        1194    -5.50125     -5.4889  0.00296205
        1195    -5.44217    -5.48887  0.00295983
        1196    -5.48179    -5.48886  0.00295736
        1197    -5.50575    -5.48887  0.00295493
        1198    -5.51284    -5.48889  0.00295253
        1199    -5.52221    -5.48892   0.0029502
        1200    -5.58248      -5.489  0.00294877
        1201     -5.6474    -5.48913  0.00294926
        1202    -5.61021    -5.48923  0.00294853
        1203      -5.595    -5.48932  0.00294739
        1204     -5.5331    -5.48936  0.00294516
        1205    -5.49444    -5.48936  0.00294272
        1206    -5.51675    -5.48938  0.00294037
        1207    -5.51403     -5.4894    0.002938
        1208    -5.47199    -5.48939  0.00293561
        1209    -5.49543    -5.48939  0.00293318
        1210    -5.49239     -5.4894  0.00293076
        1211    -5.53827    -5.48944  0.00292862
        1212    -5.56063     -5.4895  0.00292679
        1213    -5.54115    -5.48954  0.00292469
        1214    -5.58065    -5.48961  0.00292324
        1215    -5.57724    -5.48969  0.00292172
        1216    -5.62456     -5.4898  0.00292143
        1217    -5.59435    -5.48988  0.00292029
        1218    -5.49922    -5.48989   0.0029179
        1219    -5.46358    -5.48987  0.00291559
        1220    -5.48086    -5.48986  0.00291321
        1221    -5.52253    -5.48989  0.00291094
        1222     -5.6073    -5.48998  0.00291015
        1223    -5.56794    -5.49005  0.00290847
        1224    -5.58383    -5.49012   0.0029071
        1225    -5.50892    -5.49014  0.00290477
        1226    -5.44882    -5.49011  0.00290259
        1227    -5.48513     -5.4901  0.00290023
        1228    -5.53514    -5.49014   0.0028981
        1229    -5.58492    -5.49022  0.00289677
        1230    -5.61766    -5.49032  0.00289626
        1231    -5.59021     -5.4904  0.00289505
        1232    -5.62977    -5.49051  0.00289491
        1233    -5.57021    -5.49058  0.00289328
        1234    -5.60973    -5.49067  0.00289255
        1235    -5.58702    -5.49075  0.00289126
        1236    -5.57775    -5.49082  0.00288978
        1237    -5.57218    -5.49089  0.00288819
        1238     -5.5397    -5.49093  0.00288612
        1239    -5.53595    -5.49096  0.00288402
        1240    -5.49007    -5.49096   0.0028817
        1241    -5.48017    -5.49095  0.00287939
        1242    -5.48121    -5.49095  0.00287708
        1243    -5.47364    -5.49093   0.0028748
        1244    -5.45444     -5.4909  0.00287264
        1245    -5.47589    -5.49089  0.00287036
        1246    -5.38148     -5.4908   0.0028694
        1247    -5.40544    -5.49074  0.00286791
        1248    -5.46829    -5.49072  0.00286567
        1249    -5.47656    -5.49071   0.0028634
        1250    -5.50887    -5.49072  0.00286114
        1251     -5.4399    -5.49068  0.00285914
        1252    -5.34373    -5.49056  0.00285927
        1253    -5.37215    -5.49047  0.00285855
        1254    -5.41928    -5.49041  0.00285683
        1255    -5.39818    -5.49034   0.0028555
        1256    -5.36418    -5.49024  0.00285499
        1257     -5.4297    -5.49019  0.00285313
        1258    -5.40003    -5.49012  0.00285176
        1259    -5.37941    -5.49003  0.00285085
        1260    -5.42671    -5.48998  0.00284903
        1261    -5.39618    -5.48991  0.00284774
        1262    -5.40993    -5.48984  0.00284619
        1263    -5.38022    -5.48975  0.00284526
        1264    -5.40716    -5.48969  0.00284376
        1265    -5.41025    -5.48963  0.00284221
        1266    -5.41577    -5.48957  0.00284056
        1267    -5.49513    -5.48957  0.00283832
        1268    -5.55908    -5.48963  0.00283661
        1269    -5.60307    -5.48972  0.00283578
        1270    -5.57475    -5.48978  0.00283434
        1271    -5.63381     -5.4899  0.00283438
        1272    -5.56427    -5.48996  0.00283275
        1273     -5.5632    -5.49001  0.00283111
        1274    -5.50903    -5.49003  0.00282893
        1275     -5.5135    -5.49005  0.00282677
        1276     -5.4518    -5.49002  0.00282471
        1277    -5.50932    -5.49003  0.00282254
        1278    -5.47994    -5.49002  0.00282034
        1279    -5.48383    -5.49002  0.00281814
        1280    -5.47931    -5.49001  0.00281595
        1281    -5.50067    -5.49002  0.00281377
        1282    -5.55527    -5.49007  0.00281203
        1283    -5.55881    -5.49012  0.00281035
        1284    -5.63619    -5.49024  0.00281046
        1285    -5.61438    -5.49033  0.00280994
        1286    -5.68163    -5.49048  0.00281169
        1287      -5.679    -5.49063  0.00281331
        1288    -5.64629    -5.49075  0.00281372
        1289    -5.61633    -5.49085  0.00281323
        1290    -5.69191      -5.491  0.00281536
        1291     -5.6731    -5.49114  0.00281671
        1292    -5.65673    -5.49127  0.00281745
        1293    -5.66056     -5.4914  0.00281831
        1294    -5.57857    -5.49147  0.00281693
        1295     -5.5279     -5.4915   0.0028149
        1296    -5.56037    -5.49155  0.00281323
        1297    -5.61264    -5.49165  0.00281261
        1298    -5.63071    -5.49175  0.00281248
        1299    -5.58551    -5.49182  0.00281124
        1300    -5.62352    -5.49193   0.0028109
        1301    -5.64678    -5.49205  0.00281126
        1302    -5.62264    -5.49215  0.00281089
        1303    -5.62197    -5.49224   0.0028105
        1304    -5.51214    -5.49226  0.00280839
        1305    -5.54981     -5.4923  0.00280658
        1306    -5.56868    -5.49236  0.00280504
        1307    -5.54415     -5.4924  0.00280317
        1308    -5.55985    -5.49245  0.00280151
        1309    -5.56087    -5.49251  0.00279985
        1310    -5.53338    -5.49254  0.00279789
        1311    -5.57329     -5.4926  0.00279643
        1312    -5.53872    -5.49263  0.00279452
        1313    -5.51087    -5.49265  0.00279243
        1314    -5.50596    -5.49266  0.00279032
        1315    -5.48906    -5.49266   0.0027882
        1316    -5.47176    -5.49264  0.00278613
        1317    -5.43718     -5.4926  0.00278433
        1318    -5.42377    -5.49255  0.00278271
        1319    -5.51977    -5.49257  0.00278067
        1320    -5.44297    -5.49253  0.00277882
        1321    -5.44728    -5.49249  0.00277693
        1322    -5.60556    -5.49258  0.00277615
        1323    -5.53063    -5.49261   0.0027742
        1324    -5.48807     -5.4926   0.0027721
        1325    -5.44839    -5.49257  0.00277021
        1326       -5.44    -5.49253  0.00276841
        1327    -5.47075    -5.49252  0.00276637
        1328    -5.46282    -5.49249  0.00276438
        1329    -5.49402    -5.49249   0.0027623
        1330    -5.56281    -5.49255  0.00276073
        1331    -5.54663    -5.49259  0.00275895
        1332    -5.57574    -5.49265  0.00275758
        1333    -5.58018    -5.49272   0.0027563
        1334    -5.57209    -5.49278  0.00275487
        1335    -5.61183    -5.49286  0.00275425
        1336    -5.51045    -5.49288  0.00275222
        1337     -5.5114    -5.49289   0.0027502
        1338    -5.50244     -5.4929  0.00274815
        1339    -5.54688    -5.49294   0.0027464
        1340    -5.57718      -5.493  0.00274507
        1341    -5.54469    -5.49304  0.00274329
        1342    -5.55522    -5.49309  0.00274164
        1343    -5.58884    -5.49316  0.00274052
        1344     -5.4909    -5.49316  0.00273848
        1345    -5.53736    -5.49319  0.00273665
        1346    -5.56822    -5.49324  0.00273518
        1347     -5.5235    -5.49327  0.00273324
        1348    -5.59558    -5.49334  0.00273227
        1349    -5.60554    -5.49343  0.00273151
        1350    -5.53367    -5.49346  0.00272965
        1351    -5.52821    -5.49348  0.00272775
        1352    -5.54869    -5.49352  0.00272604
        1353    -5.46757     -5.4935  0.00272409
        1354    -5.45789    -5.49348   0.0027222
        1355    -5.48783    -5.49347   0.0027202
        1356    -5.43936    -5.49343  0.00271848
        1357     -5.4808    -5.49342   0.0027165
        1358    -5.49937    -5.49343   0.0027145
        1359    -5.49533    -5.49343   0.0027125
        1360     -5.5575    -5.49348  0.00271092
        1361    -5.55863    -5.49352  0.00270935
        1362    -5.57403    -5.49358    0.002708
        1363    -5.53636    -5.49362   0.0027062
        1364     -5.4693     -5.4936  0.00270427
        1365    -5.38402    -5.49352  0.00270348
        1366    -5.40208    -5.49345  0.00270233
        1367     -5.4369    -5.49341  0.00270067
        1368    -5.48323     -5.4934  0.00269871
        1369    -5.46338    -5.49338  0.00269683
        1370    -5.40655    -5.49332   0.0026956
        1371    -5.41438    -5.49326  0.00269425
        1372     -5.3592    -5.49316  0.00269406
        1373    -5.37988    -5.49308  0.00269336
        1374    -5.37508    -5.49299  0.00269277
        1375    -5.45731    -5.49297  0.00269094
        1376     -5.4686    -5.49295  0.00268904
        1377    -5.36803    -5.49286  0.00268862
        1378    -5.41219     -5.4928   0.0026873
        1379    -5.41742    -5.49274  0.00268591
        1380    -5.48494    -5.49274  0.00268397
        1381    -5.50476    -5.49275  0.00268204
        1382    -5.51514    -5.49276  0.00268015
        1383    -5.56917    -5.49282  0.00267878
        1384    -5.59412    -5.49289  0.00267784
        1385    -5.59455    -5.49297  0.00267691
        1386    -5.64951    -5.49308  0.00267737
        1387    -5.60049    -5.49316  0.00267655
        1388    -5.59015    -5.49323  0.00267554
        1389    -5.55793    -5.49327  0.00267402
        1390    -5.59773    -5.49335  0.00267315
        1391    -5.56024     -5.4934  0.00267166
        1392    -5.64677    -5.49351  0.00267201
        1393    -5.54825    -5.49355  0.00267038
        1394    -5.60647    -5.49363   0.0026697
        1395    -5.62808    -5.49372  0.00266952
        1396    -5.63978    -5.49383  0.00266966
        1397    -5.62408    -5.49392  0.00266938
        1398    -5.66162    -5.49404  0.00267016
        1399    -5.59132    -5.49411  0.00266916
        1400    -5.66667    -5.49423  0.00267009
        1401     -5.6735    -5.49436  0.00267125
        1402    -5.67467    -5.49449  0.00267244
        1403     -5.6287    -5.49459  0.00267225
        1404     -5.6276    -5.49468  0.00267202
        1405    -5.57595    -5.49474  0.00267075
        1406     -5.5682    -5.49479  0.00266936
        1407     -5.5422    -5.49482  0.00266767
        1408    -5.49148    -5.49482  0.00266578
        1409    -5.52718    -5.49484  0.00266399
        1410    -5.50589    -5.49485  0.00266211
        1411    -5.40823    -5.49479  0.00266093
        1412    -5.44144    -5.49475  0.00265932
        1413    -5.41255     -5.4947  0.00265807
        1414    -5.44828    -5.49466  0.00265639
        1415    -5.34647    -5.49456  0.00265658
        1416    -5.41691     -5.4945  0.00265527
        1417    -5.39328    -5.49443  0.00265436
        1418    -5.40439    -5.49437  0.00265324
        1419    -5.45759    -5.49434   0.0026515
        1420    -5.41281    -5.49428  0.00265025
        1421    -5.41726    -5.49423  0.00264894
        1422    -5.43413    -5.49419  0.00264742
        1423    -5.43645    -5.49415  0.00264587
        1424    -5.42525     -5.4941  0.00264445
        1425    -5.43213    -5.49406  0.00264295
        1426    -5.42188    -5.49401  0.00264159
        1427    -5.44945    -5.49397  0.00263992
        1428     -5.5059    -5.49398  0.00263808
        1429    -5.49315    -5.49398  0.00263624
        1430    -5.49193    -5.49398  0.00263439
        1431    -5.56558    -5.49403  0.00263303
        1432    -5.55753    -5.49407  0.00263156
        1433    -5.56178    -5.49412  0.00263015
        1434    -5.57266    -5.49418  0.00262889
        1435    -5.62859    -5.49427  0.00262872
        1436    -5.55467    -5.49431  0.00262723
        1437    -5.57004    -5.49437  0.00262593
        1438    -5.51842    -5.49438  0.00262416
        1439    -5.53898    -5.49441  0.00262252
        1440    -5.54435    -5.49445  0.00262092
        1441    -5.48718    -5.49444  0.00261911
        1442    -5.54963    -5.49448  0.00261757
        1443    -5.55739    -5.49452  0.00261612
        1444    -5.55324    -5.49456  0.00261463
        1445    -5.53516    -5.49459  0.00261297
        1446    -5.53952    -5.49462  0.00261135
        1447     -5.4667     -5.4946  0.00260961
        1448    -5.41374    -5.49455  0.00260841
        1449    -5.42144     -5.4945   0.0026071
        1450    -5.47529    -5.49449  0.00260533
        1451    -5.51861     -5.4945  0.00260359
        1452    -5.47446    -5.49449  0.00260183
        1453    -5.57308    -5.49454   0.0026006
        1454    -5.55404    -5.49458  0.00259914
        1455    -5.59413    -5.49465  0.00259825
        1456    -5.57474    -5.49471  0.00259705
        1457    -5.50961    -5.49472  0.00259529
        1458    -5.51752    -5.49473  0.00259355
        1459    -5.49983    -5.49474  0.00259178
        1460    -5.48892    -5.49473  0.00259001
        1461    -5.50555    -5.49474  0.00258824
        1462    -5.51508    -5.49475  0.00258651
        1463     -5.4352    -5.49471  0.00258506
        1464    -5.43741    -5.49467  0.00258359
        1465     -5.3994    -5.49461  0.00258265
        1466    -5.36585    -5.49452  0.00258238
        1467    -5.46635     -5.4945  0.00258069
        1468    -5.37553    -5.49442   0.0025802
        1469    -5.41543    -5.49437  0.00257901
        1470    -5.36538    -5.49428  0.00257875
        1471    -5.36325    -5.49419  0.00257853
        1472    -5.40019    -5.49413  0.00257757
        1473    -5.37398    -5.49404  0.00257711
        1474     -5.3863    -5.49397   0.0025764
        1475     -5.3212    -5.49385  0.00257731
        1476    -5.37918    -5.49378  0.00257674
        1477    -5.41874    -5.49373  0.00257549
        1478    -5.44098    -5.49369    0.002574
        1479     -5.3792    -5.49361  0.00257342
        1480    -5.38255    -5.49354  0.00257278
        1481     -5.3411    -5.49343   0.0025731
        1482    -5.39806    -5.49337  0.00257217
        1483    -5.42036    -5.49332   0.0025709
        1484    -5.50398    -5.49333  0.00256918
        1485    -5.50478    -5.49334  0.00256746
        1486    -5.46182    -5.49331  0.00256582
        1487     -5.4695     -5.4933  0.00256415
        1488    -5.42802    -5.49325   0.0025628
        1489    -5.33341    -5.49315  0.00256332
        1490     -5.3682    -5.49306  0.00256298
        1491    -5.30697    -5.49294  0.00256429
        1492    -5.38821    -5.49287  0.00256354
        1493    -5.35612    -5.49278  0.00256345
        1494    -5.44845    -5.49275  0.00256191
        1495    -5.47639    -5.49274  0.00256022
        1496    -5.45123    -5.49271  0.00255866
        1497    -5.52856    -5.49273  0.00255706
        1498    -5.56016    -5.49278  0.00255575
        1499    -5.60764    -5.49285  0.00255519
        1500    -5.60053    -5.49293   0.0025545
        1501     -5.5474    -5.49296  0.00255305
        1502    -5.55723      -5.493  0.00255171
        1503    -5.44411    -5.49297  0.00255022
        1504    -5.45715    -5.49295  0.00254864
        1505    -5.45277    -5.49292  0.00254709
        1506    -5.52175    -5.49294  0.00254547
        1507    -5.56258    -5.49299   0.0025442
        1508     -5.5508    -5.49303   0.0025428
        1509    -5.53103    -5.49305  0.00254124
        1510    -5.49145    -5.49305  0.00253956
        1511    -5.38917    -5.49298   0.0025388
        1512    -5.41069    -5.49293  0.00253771
        1513    -5.44503    -5.49289  0.00253623
        1514    -5.44626    -5.49286  0.00253474
        1515     -5.3704    -5.49278  0.00253436
        1516    -5.34022    -5.49268  0.00253468
        1517    -5.39377    -5.49262  0.00253385
        1518    -5.45185    -5.49259  0.00253232
        1519    -5.50867     -5.4926  0.00253068
        1520    -5.50496    -5.49261  0.00252903
        1521    -5.50679    -5.49262  0.00252738
        1522     -5.5519    -5.49266  0.00252602
        1523    -5.58472    -5.49272  0.00252508
        1524    -5.52093    -5.49274   0.0025235
        1525    -5.55772    -5.49278   0.0025222
        1526    -5.57109    -5.49283  0.00252107
        1527    -5.59675     -5.4929  0.00252034
        1528    -5.55914    -5.49294  0.00251906
        1529    -5.53009    -5.49297  0.00251753
        1530    -5.48486    -5.49296  0.00251589
        1531    -5.44757    -5.49293  0.00251442
        1532    -5.41052    -5.49288  0.00251336
        1533    -5.46591    -5.49286  0.00251178
        1534    -5.53632    -5.49289   0.0025103
        1535      -5.451    -5.49286  0.00250881
        1536    -5.48229    -5.49285  0.00250719
        1537    -5.38642    -5.49278  0.00250651
        1538    -5.47221    -5.49277  0.00250492
        1539    -5.40113    -5.49271    0.002504
        1540    -5.33404    -5.49261  0.00250449
        1541    -5.42786    -5.49257  0.00250322
        1542    -5.41886    -5.49252  0.00250205
        1543    -5.40001    -5.49246  0.00250115
        1544    -5.44553    -5.49243  0.00249971
        1545    -5.44662     -5.4924  0.00249827
        1546    -5.35841    -5.49231  0.00249816
        1547    -5.39741    -5.49225   0.0024973
        1548    -5.41395     -5.4922   0.0024962
        1549    -5.43609    -5.49216  0.00249485
        1550    -5.38182    -5.49209  0.00249425
        1551    -5.44616    -5.49206  0.00249282
        1552    -5.46215    -5.49204  0.00249129
        1553    -5.51075    -5.49206  0.00248971
        1554    -5.49118    -5.49206  0.00248811
        1555    -5.42999    -5.49202  0.00248683
        1556     -5.4558    -5.49199  0.00248534
        1557    -5.39247    -5.49193  0.00248457
        1558    -5.49484    -5.49193  0.00248297
        1559    -5.57198    -5.49198  0.00248191
        1560    -5.52336      -5.492   0.0024804
        1561     -5.5312    -5.49203  0.00247894
        1562    -5.49215    -5.49203  0.00247735
        1563    -5.49543    -5.49203  0.00247577
        1564    -5.47554    -5.49202  0.00247421
        1565     -5.4276    -5.49198  0.00247297
        1566    -5.37601     -5.4919   0.0024725
        1567    -5.50564    -5.49191  0.00247094
        1568    -5.49318    -5.49191  0.00246936
        1569    -5.51297    -5.49193  0.00246783
        1570     -5.4876    -5.49192  0.00246626
        1571    -5.51633    -5.49194  0.00246473
        1572    -5.48502    -5.49193  0.00246317
        1573    -5.47981    -5.49193  0.00246162
        1574    -5.52139    -5.49195  0.00246012
        1575     -5.5813      -5.492  0.00245922
        1576      -5.569    -5.49205  0.00245814
        1577     -5.4989    -5.49206  0.00245659
        1578    -5.55227    -5.49209  0.00245533
        1579     -5.5607    -5.49214  0.00245415
        1580    -5.52974    -5.49216  0.00245272
        1581    -5.47987    -5.49215  0.00245118
        1582    -5.50654    -5.49216  0.00244965
        1583    -5.50531    -5.49217  0.00244811
        1584    -5.46158    -5.49215  0.00244664
        1585    -5.39399    -5.49209  0.00244588
        1586    -5.39595    -5.49203  0.00244509
        1587    -5.46097    -5.49201  0.00244363
        1588    -5.43737    -5.49197  0.00244233
        1589    -5.43954    -5.49194  0.00244102
        1590    -5.40936    -5.49189  0.00244004
        1591    -5.41424    -5.49184  0.00243899
        1592    -5.53254    -5.49187  0.00243759
        1593    -5.51433    -5.49188   0.0024361
        1594    -5.50016    -5.49189  0.00243458
        1595    -5.46546    -5.49187  0.00243311
        1596    -5.40994    -5.49182  0.00243213
        1597    -5.47137    -5.49181  0.00243064
        1598    -5.44591    -5.49178  0.00242929
        1599    -5.50519    -5.49178  0.00242778
        1600    -5.58564    -5.49184  0.00242697
        1601    -5.56529    -5.49189  0.00242589
        1602    -5.50591     -5.4919  0.00242439
        1603    -5.49735     -5.4919  0.00242288
        1604    -5.56097    -5.49194  0.00242175
        1605    -5.53463    -5.49197  0.00242039
        1606    -5.48702    -5.49197  0.00241889
        1607    -5.54444      -5.492   0.0024176
        1608    -5.58577    -5.49206   0.0024168
        1609    -5.48564    -5.49206   0.0024153
        1610    -5.50906    -5.49207  0.00241382
        1611    -5.57198    -5.49212  0.00241284
        1612     -5.5781    -5.49217  0.00241193
        1613    -5.57076    -5.49222  0.00241093
        1614    -5.51437    -5.49223  0.00240947
        1615    -5.46089    -5.49221  0.00240806
        1616    -5.46649     -5.4922  0.00240662
        1617    -5.40968    -5.49214  0.00240567
        1618    -5.48813    -5.49214  0.00240419
        1619    -5.47405    -5.49213  0.00240273
        1620    -5.52136    -5.49215  0.00240131
        1621    -5.42931    -5.49211  0.00240014
        1622    -5.44329    -5.49208  0.00239885
        1623    -5.49826    -5.49208  0.00239738
        1624    -5.55377    -5.49212   0.0023962
        1625    -5.52963    -5.49215  0.00239484
        1626    -5.52531    -5.49217  0.00239345
        1627    -5.51725    -5.49218  0.00239203
        1628    -5.46307    -5.49216  0.00239063
        1629    -5.56004     -5.4922  0.00238952
        1630    -5.59428    -5.49227  0.00238888
        1631    -5.53312    -5.49229  0.00238755
        1632    -5.52397    -5.49231  0.00238616
        1633    -5.50763    -5.49232  0.00238472
        1634    -5.47726    -5.49231  0.00238328
        1635    -5.34743    -5.49222  0.00238347
        1636    -5.43621    -5.49219  0.00238226
        1637    -5.35849    -5.49211   0.0023822
        1638    -5.28612    -5.49198  0.00238406
        1639    -5.31205    -5.49187  0.00238513
        1640     -5.2419    -5.49172  0.00238855
        1641    -5.25971    -5.49158  0.00239127
        1642    -5.21938    -5.49141  0.00239555
        1643    -5.32072    -5.49131  0.00239635
        1644    -5.22701    -5.49115  0.00240028
        1645    -5.25191      -5.491  0.00240322
        1646    -5.33963    -5.49091  0.00240352
        1647    -5.31218     -5.4908  0.00240451
        1648    -5.29372    -5.49068  0.00240602
        1649    -5.30442    -5.49057  0.00240721
        1650    -5.31821    -5.49046  0.00240802
        1651    -5.33239    -5.49037  0.00240846
        1652    -5.27295    -5.49024   0.0024106
        1653    -5.29922    -5.49012  0.00241191
        1654    -5.30106    -5.49001  0.00241315
        1655    -5.25087    -5.48986  0.00241602
        1656    -5.29253    -5.48974   0.0024175
        1657    -5.31941    -5.48964  0.00241822
        1658    -5.22279    -5.48948  0.00242211
        1659    -5.27951    -5.48935  0.00242396
        1660    -5.34855    -5.48927  0.00242398
        1661    -5.35791    -5.48919  0.00242381
        1662    -5.33595     -5.4891  0.00242411
        1663     -5.3498    -5.48901   0.0024241
        1664    -5.35113    -5.48893  0.00242406
        1665     -5.3687    -5.48886  0.00242367
        1666     -5.3953     -5.4888  0.00242287
        1667    -5.39661    -5.48875  0.00242205
        1668    -5.30307    -5.48864  0.00242315
        1669    -5.40265    -5.48858  0.00242225
        1670    -5.46724    -5.48857  0.00242083
        1671    -5.43252    -5.48854  0.00241962
        1672    -5.40994    -5.48849  0.00241862
        1673    -5.41892    -5.48845  0.00241754
        1674    -5.41095     -5.4884  0.00241654
        1675    -5.40213    -5.48835  0.00241564
        1676    -5.40025     -5.4883  0.00241477
        1677    -5.47692    -5.48829  0.00241334
        1678    -5.51385    -5.48831  0.00241195
        1679    -5.58138    -5.48836  0.00241115
        1680    -5.53042    -5.48839  0.00240985
        1681    -5.60972    -5.48846  0.00240949
        1682    -5.61194    -5.48853  0.00240918
        1683    -5.57748    -5.48859  0.00240833
        1684    -5.47332    -5.48858  0.00240691
        1685    -5.54912    -5.48861  0.00240575
        1686    -5.54454    -5.48865  0.00240456
        1687    -5.47893    -5.48864  0.00240314
        1688    -5.50889    -5.48865  0.00240174
        1689    -5.44542    -5.48863  0.00240046
        1690    -5.43524     -5.4886  0.00239925
        1691     -5.4252    -5.48856  0.00239812
        1692    -5.42886    -5.48852  0.00239696
        1693    -5.43592    -5.48849  0.00239575
        1694    -5.38815    -5.48843  0.00239507
        1695    -5.49469    -5.48844  0.00239366
        1696    -5.48895    -5.48844  0.00239224
        1697    -5.52609    -5.48846  0.00239094
        1698    -5.42913    -5.48842  0.00238978
        1699    -5.44106     -5.4884  0.00238854
        1700    -5.41572    -5.48835  0.00238752
        1701    -5.40031     -5.4883  0.00238668
        1702     -5.3822    -5.48824  0.00238609
        1703    -5.40609    -5.48819  0.00238517
        1704    -5.47946    -5.48819  0.00238378
        1705    -5.47002    -5.48817  0.00238241
        1706    -5.44975    -5.48815  0.00238112
        1707    -5.43239    -5.48812  0.00237994
        1708    -5.40123    -5.48807  0.00237909
        1709    -5.42525    -5.48803  0.00237799
        1710    -5.34036    -5.48795  0.00237816
        1711    -5.37567    -5.48788  0.00237768
        1712    -5.49155    -5.48788  0.00237629
        1713    -5.51628     -5.4879  0.00237496
        1714    -5.53983    -5.48793  0.00237377
        1715    -5.48201    -5.48793  0.00237239
        1716    -5.43601     -5.4879   0.0023712
        1717    -5.45349    -5.48788   0.0023699
        1718    -5.49578    -5.48788  0.00236853
        1719    -5.46035    -5.48786   0.0023672
        1720    -5.48046    -5.48786  0.00236583
        1721    -5.44572    -5.48784  0.00236458
        1722    -5.47836    -5.48783  0.00236322
        1723    -5.46676    -5.48782  0.00236188
        1724    -5.46491     -5.4878  0.00236054
        1725    -5.46001    -5.48779  0.00235923
        1726    -5.48749    -5.48779  0.00235786
        1727    -5.43019    -5.48775  0.00235673
        1728    -5.53924    -5.48778  0.00235556
        1729    -5.57097    -5.48783  0.00235469
        1730    -5.57183    -5.48788  0.00235383
        1731    -5.60952    -5.48795  0.00235352
        1732    -5.65399    -5.48805  0.00235411
        1733    -5.59894    -5.48811  0.00235362
        1734    -5.59055    -5.48817    0.002353
        1735    -5.63568    -5.48826  0.00235318
        1736     -5.6872    -5.48837  0.00235462
        1737      -5.655    -5.48847  0.00235521
        1738    -5.63488    -5.48855  0.00235536
        1739    -5.56756     -5.4886  0.00235445
        1740    -5.57008    -5.48864  0.00235356
        1741     -5.5768    -5.48869  0.00235275
        1742    -5.63958    -5.48878    0.002353
        1743    -5.64618    -5.48887  0.00235338
        1744    -5.60564    -5.48894  0.00235298
        1745     -5.5799    -5.48899  0.00235221
        1746    -5.54225    -5.48902  0.00235106
        1747    -5.49014    -5.48902  0.00234972
        1748    -5.62781     -5.4891  0.00234971
        1749    -5.53182    -5.48912   0.0023485
        1750    -5.54456    -5.48916  0.00234737
        1751     -5.4284    -5.48912  0.00234628
        1752    -5.53072    -5.48914  0.00234506
        1753    -5.60804    -5.48921  0.00234471
        1754    -5.61771    -5.48929  0.00234451
        1755    -5.61332    -5.48936  0.00234424
        1756    -5.60514    -5.48942  0.00234384
        1757    -5.56528    -5.48947   0.0023429
        1758    -5.61433    -5.48954  0.00234264
        1759    -5.56838    -5.48958  0.00234174
        1760    -5.55868    -5.48962  0.00234074
        1761    -5.59411    -5.48968  0.00234016
        1762    -5.57118    -5.48973  0.00233929
        1763    -5.60021    -5.48979   0.0023388
        1764      -5.478    -5.48978  0.00233749
        1765    -5.48323    -5.48978  0.00233617
        1766    -5.49144    -5.48978  0.00233484
        1767    -5.49455    -5.48978  0.00233352
        1768    -5.51894     -5.4898  0.00233226
        1769    -5.51147    -5.48981  0.00233097
        1770    -5.55736    -5.48985  0.00232997
        1771    -5.60221    -5.48991  0.00232952
        1772    -5.54587    -5.48994  0.00232842
        1773    -5.52537    -5.48996  0.00232719
        1774    -5.48688    -5.48996  0.00232588
        1775    -5.38818     -5.4899  0.00232528
        1776    -5.37475    -5.48984  0.00232487
        1777    -5.40483    -5.48979  0.00232405
        1778    -5.40613    -5.48975  0.00232322
        1779    -5.36104    -5.48967  0.00232304
        1780    -5.35243     -5.4896  0.00232302
        1781     -5.3197     -5.4895  0.00232367
        1782      -5.286    -5.48939  0.00232517
        1783     -5.3566    -5.48931  0.00232506
        1784    -5.36676    -5.48924  0.00232477
        1785    -5.42481    -5.48921  0.00232375
        1786     -5.4729     -5.4892  0.00232247
        1787    -5.50721    -5.48921  0.00232119
        1788    -5.53369    -5.48923  0.00232002
        1789    -5.54975    -5.48927  0.00231897
        1790    -5.62247    -5.48934  0.00231887
        1791    -5.65395    -5.48943   0.0023194
        1792    -5.64541    -5.48952  0.00231973
        1793    -5.57048    -5.48957  0.00231888
        1794    -5.45806    -5.48955  0.00231765
        1795    -5.43456    -5.48952  0.00231657
        1796    -5.42417    -5.48948  0.00231556
        1797    -5.40065    -5.48943   0.0023148
        1798    -5.42153    -5.48939  0.00231382
        1799    -5.46644    -5.48938  0.00231257
        1800    -5.39328    -5.48933   0.0023119
        1801    -5.39921    -5.48928  0.00231116
        1802    -5.43996    -5.48925  0.00231004
        1803    -5.41769    -5.48921   0.0023091
        1804    -5.41822    -5.48917  0.00230815
        1805     -5.4107    -5.48913  0.00230728
        1806    -5.41905    -5.48909  0.00230633
        1807    -5.41612    -5.48905  0.00230541
        1808    -5.43281    -5.48902  0.00230435
        1809    -5.41924    -5.48898  0.00230339
        1810    -5.34916     -5.4889  0.00230342
        1811    -5.36021    -5.48883  0.00230324
        1812    -5.42586     -5.4888  0.00230223
        1813    -5.45209    -5.48878  0.00230105
        1814    -5.38411    -5.48872  0.00230051
        1815    -5.39294    -5.48866  0.00229984
        1816    -5.42329    -5.48863  0.00229886
        1817    -5.34102    -5.48855  0.00229903
        1818    -5.33129    -5.48846  0.00229939
        1819    -5.38238     -5.4884  0.00229887
        1820    -5.47767     -5.4884  0.00229761
        1821    -5.51052    -5.48841  0.00229638
        1822    -5.56893    -5.48845  0.00229555
        1823    -5.50716    -5.48846  0.00229431
        1824     -5.4025    -5.48842  0.00229354
        1825    -5.46385     -5.4884  0.00229232
        1826    -5.42048    -5.48837  0.00229136
        1827    -5.46951    -5.48836  0.00229013
        1828    -5.52063    -5.48837  0.00228895
        1829    -5.49665    -5.48838   0.0022877
        1830    -5.56466    -5.48842  0.00228683
        1831    -5.54129    -5.48845  0.00228576
        1832    -5.59106     -5.4885   0.0022852
        1833    -5.61216    -5.48857  0.00228495
        1834    -5.61704    -5.48864  0.00228478
        1835    -5.57089    -5.48869  0.00228397
        1836    -5.61077    -5.48875   0.0022837
        1837    -5.59229    -5.48881  0.00228315
        1838     -5.5691    -5.48885  0.00228233
        1839    -5.56057    -5.48889  0.00228142
        1840    -5.52592    -5.48891  0.00228027
        1841    -5.46698     -5.4889  0.00227906
        1842    -5.51472    -5.48891  0.00227787
        1843    -5.56217    -5.48895  0.00227698
        1844     -5.5953    -5.48901  0.00227647
        1845    -5.54973    -5.48904  0.00227548
        1846    -5.49277    -5.48905  0.00227424
        1847    -5.49855    -5.48905  0.00227302
        1848    -5.50669    -5.48906  0.00227181
        1849    -5.48345    -5.48906  0.00227058
        1850    -5.39806    -5.48901  0.00226989
        1851    -5.49249    -5.48901  0.00226866
        1852    -5.47777      -5.489  0.00226744
        1853     -5.4302    -5.48897  0.00226644
        1854    -5.47029    -5.48896  0.00226524
        1855    -5.48546    -5.48896  0.00226402
        1856    -5.49039    -5.48896   0.0022628
        1857    -5.52352    -5.48898  0.00226166
        1858    -5.42812    -5.48895  0.00226068
        1859    -5.43162    -5.48892  0.00225968
        1860     -5.4213    -5.48888  0.00225875
        1861    -5.51361    -5.48889  0.00225758
        1862    -5.54842    -5.48893  0.00225659
        1863    -5.45838    -5.48891  0.00225544
        1864    -5.47173     -5.4889  0.00225425
        1865    -5.47611    -5.48889  0.00225305
        1866    -5.53122    -5.48892  0.00225196
        1867    -5.58583    -5.48897  0.00225135
        1868    -5.53541    -5.48899  0.00225028
        1869    -5.57242    -5.48904  0.00224952
        1870    -5.60975     -5.4891  0.00224924
        1871    -5.63485    -5.48918  0.00224939
        1872    -5.53993    -5.48921  0.00224835
        1873    -5.54068    -5.48923  0.00224732
        1874    -5.56904    -5.48928  0.00224652
        1875    -5.51143    -5.48929  0.00224536
        1876    -5.40813    -5.48925  0.00224458
        1877    -5.43167    -5.48921  0.00224359
        1878    -5.46594     -5.4892  0.00224243
        1879    -5.53108    -5.48922  0.00224135
        1880    -5.51174    -5.48924  0.00224019
        1881    -5.53844    -5.48926  0.00223915
        1882     -5.4968    -5.48927  0.00223796
        1883    -5.54453     -5.4893  0.00223697
        1884    -5.53981    -5.48932  0.00223594
        1885    -5.55548    -5.48936  0.00223503
        1886    -5.61833    -5.48943  0.00223489
        1887    -5.70351    -5.48954  0.00223658
        1888    -5.67119    -5.48964  0.00223747
        1889    -5.64958    -5.48972  0.00223788
        1890    -5.58457    -5.48977  0.00223726
        1891     -5.6336    -5.48985  0.00223737
        1892    -5.64705    -5.48993  0.00223773
        1893    -5.56268    -5.48997  0.00223688
        1894    -5.49831    -5.48997   0.0022357
        1895    -5.49271    -5.48997  0.00223452
        1896    -5.47164    -5.48996  0.00223337
        1897    -5.52251    -5.48998  0.00223225
        1898    -5.52814       -5.49  0.00223117
        1899    -5.51828    -5.49002  0.00223004
        1900    -5.51303    -5.49003   0.0022289
        1901     -5.4966    -5.49003  0.00222773
        1902    -5.48106    -5.49003  0.00222657
        1903    -5.48481    -5.49002   0.0022254
        1904    -5.51657    -5.49004  0.00222427
        1905    -5.44219    -5.49001  0.00222325
        1906     -5.4305    -5.48998   0.0022223
        1907    -5.42015    -5.48995  0.00222144
        1908    -5.44591    -5.48992  0.00222039
        1909    -5.49825    -5.48993  0.00221923
        1910    -5.56362    -5.48997  0.00221841
        1911    -5.55085       -5.49  0.00221747
        1912    -5.55533    -5.49003  0.00221658
        1913    -5.54875    -5.49006  0.00221563
        1914    -5.56248     -5.4901   0.0022148
        1915    -5.53311    -5.49012  0.00221375
        1916    -5.50761    -5.49013  0.00221262
        1917    -5.55918    -5.49017  0.00221176
        1918     -5.5099    -5.49018  0.00221063
        1919    -5.50429    -5.49019  0.00220949
        1920     -5.4832    -5.49018  0.00220834
        1921     -5.4214    -5.49015  0.00220748
        1922    -5.51984    -5.49016  0.00220639
        1923    -5.54922    -5.49019  0.00220545
        1924    -5.42465    -5.49016  0.00220457
        1925    -5.38134     -5.4901  0.00220415
        1926    -5.41282    -5.49006  0.00220337
        1927     -5.3627       -5.49  0.00220322
        1928    -5.38628    -5.48994  0.00220273
        1929    -5.38405    -5.48989  0.00220227
        1930    -5.38003    -5.48983  0.00220187
        1931    -5.37669    -5.48977  0.00220151
        1932    -5.34039    -5.48969  0.00220172
        1933    -5.39119    -5.48964  0.00220118
        1934    -5.45238    -5.48962  0.00220012
        1935    -5.43607     -5.4896  0.00219916
        1936    -5.48099    -5.48959  0.00219803
        1937    -5.37921    -5.48953  0.00219763
        1938    -5.43632    -5.48951  0.00219667
        1939    -5.44617    -5.48948  0.00219565
        1940    -5.46526    -5.48947  0.00219455
        1941    -5.50448    -5.48948  0.00219344
        1942    -5.48399    -5.48948  0.00219231
        1943     -5.4793    -5.48947  0.00219119
        1944    -5.46402    -5.48946   0.0021901
        1945    -5.47694    -5.48945  0.00218898
        1946    -5.44345    -5.48943  0.00218798
        1947    -5.43869     -5.4894  0.00218702
        1948     -5.4575    -5.48939  0.00218595
        1949    -5.60855    -5.48945  0.00218569
        1950    -5.50132    -5.48945  0.00218458
        1951    -5.45365    -5.48944  0.00218353
        1952    -5.37767    -5.48938  0.00218316
        1953    -5.42258    -5.48934  0.00218231
        1954    -5.41435    -5.48931  0.00218154
        1955    -5.38296    -5.48925   0.0021811
        1956    -5.36486    -5.48919  0.00218091
        1957    -5.36786    -5.48913  0.00218068
        1958    -5.33148    -5.48904  0.00218105
        1959    -5.37458    -5.48899  0.00218072
        1960    -5.38968    -5.48894  0.00218019
        1961    -5.32105    -5.48885  0.00218076
        1962    -5.39695     -5.4888  0.00218015
        1963    -5.35288    -5.48873  0.00218014
        1964    -5.33307    -5.48865  0.00218047
        1965    -5.35157    -5.48859  0.00218048
        1966    -5.43786    -5.48856  0.00217952
        1967    -5.37986     -5.4885  0.00217911
        1968    -5.36962    -5.48844  0.00217884
        1969    -5.37132    -5.48838  0.00217855
        1970     -5.4418    -5.48836  0.00217757
        1971    -5.41412    -5.48832  0.00217679
        1972    -5.46971    -5.48831  0.00217571
        1973    -5.48905    -5.48831  0.00217461
        1974    -5.47977    -5.48831  0.00217351
        1975    -5.48335    -5.48831  0.00217241
        1976     -5.4102    -5.48827  0.00217167
        1977    -5.39724    -5.48822  0.00217106
        1978    -5.39403    -5.48817  0.00217048
        1979    -5.37455    -5.48812  0.00217015
        1980     -5.3998    -5.48807  0.00216951
        1981    -5.39397    -5.48802  0.00216893
        1982    -5.33045    -5.48794   0.0021693
        1983    -5.30901    -5.48785  0.00217008
        1984    -5.35922    -5.48779  0.00216995
        1985     -5.3492    -5.48772  0.00216998
        1986    -5.35076    -5.48765  0.00216999
        1987     -5.3581    -5.48759  0.00216987
        1988    -5.41901    -5.48755  0.00216906
        1989    -5.48055    -5.48755  0.00216797
        1990    -5.43688    -5.48752  0.00216703
        1991    -5.47673    -5.48752  0.00216595
        1992    -5.41233    -5.48748  0.00216519
        1993    -5.51879    -5.48749  0.00216416
        1994     -5.5659    -5.48753  0.00216343
        1995    -5.52785    -5.48755  0.00216244
        1996    -5.55793    -5.48759  0.00216164
        1997    -5.58055    -5.48764  0.00216106
        1998    -5.57698    -5.48768  0.00216044
        1999    -5.55484    -5.48771  0.00215962
        2000     -5.5048    -5.48772  0.00215856
