           1   -0.240505   -0.240505           0
           2   -0.263369   -0.251937  0.00808341
           3   -0.280119   -0.261331  0.00937405
           4   -0.307734   -0.272932   0.0122622
           5   -0.376632   -0.293672   0.0209845
           6   -0.318345   -0.297784   0.0178854
           7    -0.34322   -0.304275   0.0164661
           8   -0.406711   -0.317079   0.0187363
           9   -0.450022   -0.331851     0.02171
          10   -0.545122   -0.353178   0.0281271
          11   -0.541201   -0.370271   0.0303222
          12   -0.540451   -0.384453   0.0309345
          13   -0.435783   -0.388401   0.0288058
          14   -0.436178   -0.391814   0.0269496
          15   -0.439033   -0.394962   0.0253362
          16   -0.439225   -0.397728   0.0239032
          17   -0.417087   -0.398867   0.0225243
          18   -0.400667   -0.398967   0.0212731
          19   -0.397115   -0.398869   0.0201537
          20   -0.402717   -0.399062    0.019147
          21   -0.474281   -0.402644   0.0185672
          22   -0.481569   -0.406231   0.0180665
          23   -0.524171   -0.411359    0.017994
          24   -0.522731   -0.415999   0.0178326
          25   -0.541364   -0.421014   0.0178104
          26   -0.489179   -0.423636   0.0173173
          27   -0.458875   -0.424941    0.016725
          28   -0.412795   -0.424507   0.0161333
          29   -0.477627   -0.426339   0.0156806
          30   -0.396275   -0.425337   0.0151899
          31   -0.465032   -0.426617   0.0147538
          32   -0.500284   -0.428919   0.0144712
          33   -0.430442   -0.428965   0.0140328
          34   -0.471682   -0.430222   0.0136762
          35   -0.446974     -0.4307   0.0132938
          36   -0.447173   -0.431158   0.0129324
          37   -0.310655   -0.427901   0.0129865
          38   -0.434614   -0.428078   0.0126459
          39   -0.453014   -0.428717   0.0123378
          40    -0.37892   -0.427472    0.012092
          41   -0.373214   -0.426149   0.0118693
          42     -0.4005   -0.425538   0.0116024
          43   -0.409063   -0.425155   0.0113389
          44   -0.420811   -0.425056   0.0110816
          45   -0.416232    -0.42486   0.0108371
          46    -0.37311   -0.423735   0.0106598
          47   -0.325488   -0.421645   0.0106359
          48   -0.379927   -0.420776   0.0104498
          49   -0.389783   -0.420143   0.0102557
          50   -0.393251   -0.419605   0.0100646
          51   -0.422026   -0.419653  0.00986741
          52   -0.399838   -0.419272  0.00968501
          53   -0.351625   -0.417995  0.00958601
          54   -0.405665   -0.417767  0.00941121
          55   -0.399322   -0.417432  0.00924607
          56   -0.286001   -0.415085   0.0093741
          57   -0.386999   -0.414592  0.00922259
          58   -0.463136   -0.415429  0.00910147
          59   -0.362909   -0.414539  0.00899064
          60   -0.376665   -0.413908  0.00886293
          61   -0.373632   -0.413247  0.00874219
          62   -0.352681   -0.412271  0.00865559
          63   -0.344719   -0.411198  0.00858436
          64   -0.479105   -0.412259  0.00851555
          65   -0.522177    -0.41395   0.0085508
          66   -0.461735   -0.414674  0.00845184
          67   -0.468725   -0.415481  0.00836411
          68   -0.400029   -0.415254  0.00824419
          69   -0.434335    -0.41553  0.00812935
          70   -0.430855   -0.415749  0.00801616
          71   -0.391635    -0.41541  0.00791045
          72    -0.43002   -0.415613  0.00780318
          73   -0.458503     -0.4162  0.00771838
          74    -0.44286    -0.41656  0.00762248
          75    -0.43034   -0.416744  0.00752306
          76   -0.414613   -0.416716  0.00742412
          77   -0.397237   -0.416463  0.00733202
          78   -0.411167   -0.416395  0.00723833
          79    -0.44481   -0.416755  0.00715564
          80   -0.369814   -0.416168  0.00709021
          81   -0.334209   -0.415156   0.0070745
          82   -0.414282   -0.415146  0.00698824
          83   -0.436994   -0.415409    0.006909
          84   -0.446304   -0.415777  0.00683653
          85    -0.41697   -0.415791  0.00675612
          86   -0.405188   -0.415667  0.00667868
          87   -0.447337   -0.416031  0.00661183
          88   -0.449205   -0.416408  0.00654743
          89   -0.418721   -0.416434  0.00647392
          90   -0.475238   -0.417088  0.00643487
          91   -0.415603   -0.417071  0.00636418
          92   -0.418119   -0.417083  0.00629501
          93    -0.38599   -0.416749   0.0062362
          94   -0.398326   -0.416553  0.00617293
          95   -0.401712   -0.416396  0.00610993
          96   -0.360014   -0.415809  0.00607445
          97   -0.390446   -0.415548  0.00601745
          98   -0.420469   -0.415598  0.00595626
          99   -0.412477   -0.415566  0.00589617
         100   -0.416124   -0.415572  0.00583722
         101   -0.394129   -0.415359  0.00578328
         102   -0.391941    -0.41513  0.00573114
         103   -0.382439   -0.414813  0.00568428
         104   -0.415915   -0.414823  0.00562963
         105   -0.410879   -0.414786  0.00557614
         106   -0.428187   -0.414912  0.00552497
         107   -0.432939    -0.41508   0.0054759
         108   -0.405396   -0.414991  0.00542593
         109     -0.4208   -0.415044  0.00537642
         110   -0.420301   -0.415092  0.00532775
         111   -0.456478   -0.415465  0.00529278
         112   -0.437047   -0.415657  0.00524903
         113   -0.464568    -0.41609   0.0052204
         114   -0.421312   -0.416136  0.00517481
         115   -0.474981   -0.416648  0.00515504
         116    -0.46613   -0.417074  0.00512822
         117   -0.467414   -0.417505  0.00510241
         118    -0.40712   -0.417417  0.00505993
         119   -0.403235   -0.417297  0.00501881
         120   -0.397409   -0.417132  0.00497972
         121   -0.385505    -0.41687  0.00494542
         122   -0.365858   -0.416452  0.00492253
         123    -0.42975    -0.41656   0.0048837
         124   -0.437586    -0.41673  0.00484725
         125    -0.44337   -0.416943  0.00481316
         126   -0.433515   -0.417074  0.00477676
         127     -0.4183   -0.417084  0.00473915
         128   -0.407522   -0.417009  0.00470272
         129   -0.402091   -0.416894  0.00466768
         130   -0.360019   -0.416456  0.00465224
         131   -0.400534   -0.416335  0.00461831
         132   -0.535559   -0.417238  0.00467081
         133   -0.467286   -0.417614  0.00465083
         134   -0.424016   -0.417662  0.00461636
         135   -0.357608   -0.417217  0.00460355
         136   -0.398642   -0.417081  0.00457173
         137   -0.360981   -0.416671  0.00455666
         138   -0.412326    -0.41664  0.00452375
         139   -0.378121   -0.416363  0.00449968
         140   -0.362023   -0.415974  0.00448425
         141   -0.358036   -0.415563  0.00447124
         142   -0.420745     -0.4156   0.0044399
         143   -0.373099   -0.415303  0.00441879
         144   -0.345183   -0.414816  0.00441485
         145   -0.349455   -0.414365  0.00440735
         146   -0.355163    -0.41396  0.00439578
         147   -0.405404   -0.413901  0.00436626
         148   -0.480219   -0.414349  0.00435969
         149   -0.381062   -0.414126  0.00433615
         150   -0.431146   -0.414239  0.00430873
         151   -0.405526   -0.414182  0.00428058
         152   -0.406423   -0.414131  0.00425272
         153   -0.416455   -0.414146  0.00422495
         154   -0.494946   -0.414671  0.00422997
         155   -0.520092   -0.415351  0.00425701
         156   -0.491898   -0.415841  0.00425791
         157   -0.484543   -0.416279  0.00425321
         158   -0.462628   -0.416572   0.0042364
         159   -0.470698   -0.416913  0.00422341
         160    -0.46128    -0.41719  0.00420611
         161   -0.396682   -0.417063  0.00418191
         162   -0.459139   -0.417322  0.00416415
         163   -0.404233   -0.417242  0.00413938
         164   -0.465231   -0.417535  0.00412447
         165    -0.43425   -0.417636  0.00410072
         166   -0.511136   -0.418199  0.00411452
         167   -0.490056    -0.41863  0.00411231
         168    -0.38323   -0.418419  0.00409323
         169   -0.452084   -0.418618  0.00407386
         170    -0.45655   -0.418841    0.004056
         171   -0.454111   -0.419047  0.00403752
         172   -0.446088   -0.419205   0.0040171
         173   -0.405693   -0.419127  0.00399464
         174   -0.438193   -0.419236  0.00397319
         175   -0.365182   -0.418927  0.00396247
         176   -0.430564   -0.418993  0.00394051
         177   -0.467139   -0.419265  0.00392762
         178   -0.363459   -0.418952  0.00391805
         179   -0.398694   -0.418839   0.0038978
         180   -0.406134   -0.418768  0.00387678
         181   -0.394803   -0.418636  0.00385762
         182   -0.366886   -0.418351  0.00384689
         183   -0.409619   -0.418304  0.00382617
         184   -0.437015   -0.418405  0.00380672
         185   -0.450928   -0.418581  0.00379021
         186   -0.424563   -0.418613  0.00376996
         187   -0.341746   -0.418202  0.00377215
         188   -0.448901   -0.418366  0.00375561
         189   -0.411452   -0.418329  0.00373592
         190   -0.416125   -0.418317  0.00371628
         191   -0.397994   -0.418211  0.00369834
         192   -0.394574   -0.418088  0.00368113
         193   -0.434582   -0.418173  0.00366305
         194   -0.390629   -0.418031  0.00364692
         195   -0.361656   -0.417742  0.00363966
         196   -0.382726   -0.417564  0.00362547
         197    -0.34114   -0.417176  0.00362776
         198   -0.332662   -0.416749  0.00363446
         199   -0.375289    -0.41654  0.00362217
         200   -0.363743   -0.416276  0.00361366
         201   -0.388446   -0.416138  0.00359833
         202   -0.486537   -0.416487  0.00359736
         203   -0.483485   -0.416817  0.00359475
         204   -0.446349   -0.416961  0.00358004
         205   -0.419406   -0.416973  0.00356259
         206   -0.389061   -0.416838  0.00354788
         207   -0.417175   -0.416839  0.00353074
         208   -0.383972   -0.416681   0.0035173
         209   -0.359102   -0.416406  0.00351124
         210   -0.377555   -0.416221  0.00349939
         211   -0.379023   -0.416045  0.00348724
         212   -0.399325   -0.415966  0.00347169
         213   -0.368798   -0.415744  0.00346244
         214   -0.350628    -0.41544  0.00345961
         215   -0.322348   -0.415007  0.00347051
         216   -0.332827   -0.414627  0.00347523
         217   -0.346906   -0.414314   0.0034732
         218   -0.363783   -0.414083  0.00346499
         219    -0.42753   -0.414144  0.00344972
         220   -0.377436   -0.413977  0.00343807
         221   -0.474261    -0.41425  0.00343331
         222   -0.378483   -0.414089  0.00342163
         223   -0.379339   -0.413933  0.00340983
         224   -0.380338   -0.413783   0.0033979
         225   -0.388467   -0.413671  0.00338467
         226   -0.409657   -0.413653  0.00336974
         227   -0.444536   -0.413789  0.00335764
         228   -0.458648   -0.413986  0.00334867
         229   -0.413564   -0.413984  0.00333405
         230   -0.349338   -0.413703  0.00333138
         231   -0.355453   -0.413451  0.00332649
         232   -0.352373   -0.413187  0.00332255
         233   -0.316722   -0.412773  0.00333398
         234   -0.390892    -0.41268  0.00332105
         235   -0.406645   -0.412654  0.00330701
         236   -0.475612   -0.412921  0.00330374
         237   -0.428451   -0.412986  0.00329045
         238   -0.417928   -0.413007  0.00327669
         239   -0.430859   -0.413082  0.00326383
         240   -0.407876    -0.41306  0.00325031
         241   -0.435814   -0.413155  0.00323819
         242   -0.355195   -0.412915  0.00323366
         243   -0.341315    -0.41262  0.00323374
         244   -0.350458   -0.412366  0.00323051
         245    -0.39784   -0.412306  0.00321787
         246   -0.400404   -0.412258  0.00320515
         247   -0.410448   -0.412251  0.00319218
         248   -0.463405   -0.412457  0.00318597
         249   -0.485993   -0.412752  0.00318683
         250   -0.449317   -0.412898  0.00317744
         251   -0.448082   -0.413039  0.00316787
         252   -0.426571   -0.413092  0.00315576
         253   -0.477762   -0.413348  0.00315362
         254   -0.476349   -0.413596  0.00315094
         255   -0.379612   -0.413463   0.0031414
         256   -0.392216    -0.41338  0.00313023
         257    -0.38599   -0.413273  0.00311986
         258   -0.331687   -0.412957  0.00312375
         259   -0.353584   -0.412728  0.00312009
         260   -0.369891   -0.412563  0.00311244
         261   -0.341687   -0.412291  0.00311234
         262   -0.359158   -0.412089  0.00310706
         263   -0.439626   -0.412193  0.00309701
         264   -0.499091   -0.412522  0.00310272
         265    -0.44234   -0.412635  0.00309305
         266   -0.444777   -0.412756  0.00308378
         267   -0.446221   -0.412881  0.00307478
         268   -0.408861   -0.412866  0.00306334
         269   -0.464438   -0.413058  0.00305795
         270   -0.496563   -0.413367  0.00306222
         271   -0.455876   -0.413524  0.00305494
         272   -0.407688   -0.413503  0.00304378
         273   -0.422507   -0.413535  0.00303281
         274   -0.536079   -0.413983  0.00305454
         275   -0.524357   -0.414384  0.00306969
         276   -0.435855   -0.414462  0.00305955
         277   -0.395716   -0.414394  0.00304925
         278   -0.358969   -0.414195   0.0030448
         279   -0.360516   -0.414002  0.00303996
         280   -0.342319   -0.413746  0.00303986
         281   -0.314682   -0.413394  0.00304942
         282   -0.350279    -0.41317  0.00304681
         283   -0.385914   -0.413074  0.00303756
         284   -0.378354   -0.412952  0.00302932
         285   -0.402942   -0.412916   0.0030189
         286   -0.406394   -0.412894  0.00300843
         287   -0.390857   -0.412817  0.00299893
         288   -0.385311   -0.412721  0.00299003
         289   -0.314955   -0.412383  0.00299876
         290   -0.368588   -0.412232  0.00299222
         291   -0.380314   -0.412122  0.00298395
         292   -0.356608   -0.411932  0.00297978
         293   -0.328264   -0.411647  0.00298326
         294   -0.382292   -0.411547  0.00297479
         295   -0.405029   -0.411525  0.00296478
         296   -0.409795   -0.411519  0.00295477
         297   -0.400024    -0.41148  0.00294508
         298   -0.398398   -0.411436  0.00293552
         299   -0.310066   -0.411097  0.00294522
         300   -0.333116   -0.410837  0.00294685
         301   -0.357439    -0.41066  0.00294239
         302   -0.350676   -0.410461  0.00293935
         303   -0.362121   -0.410302  0.00293397
         304   -0.393242   -0.410246  0.00292486
         305   -0.446251   -0.410364  0.00291765
         306   -0.400382   -0.410331   0.0029083
         307   -0.398104   -0.410291   0.0028991
         308   -0.374234   -0.410174  0.00289205
         309   -0.435393   -0.410256  0.00288384
         310   -0.475278   -0.410465  0.00288215
         311   -0.428037   -0.410522  0.00287344
         312   -0.518917   -0.410869  0.00288516
         313    -0.54689   -0.411304  0.00290848
         314   -0.478042   -0.411517  0.00290698
         315   -0.456074   -0.411658  0.00290119
         316   -0.438152   -0.411742  0.00289322
         317   -0.420515    -0.41177  0.00288422
         318   -0.464405   -0.411935   0.0028799
         319   -0.450683   -0.412056  0.00287343
         320   -0.428208   -0.412107   0.0028649
         321   -0.466638   -0.412277    0.002861
         322   -0.448461   -0.412389  0.00285432
         323   -0.456405   -0.412525  0.00284874
         324    -0.49865   -0.412791  0.00285232
         325   -0.416159   -0.412802  0.00284356
         326   -0.355545   -0.412626  0.00284026
         327   -0.342637   -0.412412  0.00283963
         328   -0.399844   -0.412374  0.00283123
         329    -0.43282   -0.412436   0.0028233
         330   -0.416636   -0.412449  0.00281478
         331   -0.367426   -0.412313  0.00280956
         332   -0.347558   -0.412117  0.00280786
         333   -0.402973    -0.41209  0.00279956
         334   -0.357639   -0.411927  0.00279592
         335   -0.351038   -0.411745  0.00279348
         336   -0.310478   -0.411444  0.00280137
         337   -0.354114   -0.411274  0.00279822
         338   -0.385077   -0.411196  0.00279102
         339   -0.410699   -0.411195  0.00278278
         340   -0.369069   -0.411071  0.00277735
         341   -0.376208   -0.410969  0.00277109
         342   -0.423473   -0.411005  0.00276323
         343   -0.385888   -0.410932  0.00275614
         344   -0.347906   -0.410749  0.00275421
         345   -0.430751   -0.410807  0.00274684
         346   -0.374153   -0.410701  0.00274094
         347   -0.400719   -0.410672   0.0027332
         348   -0.380641   -0.410586   0.0027267
         349   -0.328942   -0.410352  0.00272891
         350    -0.39748   -0.410315  0.00272136
         351   -0.376493   -0.410219  0.00271531
         352   -0.370752   -0.410107  0.00270991
         353   -0.429732   -0.410162   0.0027028
         354   -0.506775   -0.410435  0.00270891
         355   -0.393145   -0.410386  0.00270172
         356   -0.366066   -0.410262    0.002697
         357   -0.336854   -0.410056  0.00269727
         358   -0.388742   -0.409997  0.00269039
         359   -0.384018   -0.409924  0.00268387
         360   -0.416201   -0.409942  0.00267647
         361   -0.433367   -0.410007  0.00266985
         362   -0.359955   -0.409868  0.00266605
         363   -0.396059    -0.40983  0.00265898
         364   -0.341885   -0.409644  0.00265822
         365   -0.398889   -0.409614   0.0026511
         366   -0.500936   -0.409864  0.00265557
         367   -0.486249   -0.410072  0.00265648
         368   -0.490289    -0.41029  0.00265819
         369   -0.411755   -0.410294  0.00265099
         370   -0.475099   -0.410469   0.0026496
         371   -0.485434   -0.410671  0.00265015
         372   -0.469754    -0.41083  0.00264778
         373   -0.406843   -0.410819  0.00264071
         374   -0.517137   -0.411103   0.0026489
         375   -0.491274   -0.411317  0.00265045
         376   -0.450191   -0.411421  0.00264542
         377   -0.453051   -0.411531   0.0026407
         378   -0.428092   -0.411575  0.00263408
         379   -0.398276    -0.41154  0.00262737
         380   -0.443525   -0.411624   0.0026218
         381   -0.412907   -0.411627  0.00261492
         382    -0.45672   -0.411745  0.00261074
         383   -0.468886   -0.411895  0.00260818
         384    -0.42996   -0.411942  0.00260181
         385    -0.47006   -0.412093  0.00259943
         386   -0.498949   -0.412318  0.00260242
         387   -0.521534     -0.4126  0.00261095
         388   -0.436274   -0.412661  0.00260493
         389    -0.44842   -0.412753  0.00259986
         390   -0.403026   -0.412728  0.00259331
         391   -0.384466   -0.412655  0.00258769
         392   -0.368946   -0.412544  0.00258349
         393   -0.362912   -0.412418     0.00258
         394   -0.462448   -0.412545  0.00257657
         395   -0.454286    -0.41265  0.00257222
         396   -0.418826   -0.412666  0.00256577
         397   -0.389656   -0.412608  0.00255996
         398   -0.491093   -0.412805  0.00256111
         399   -0.469685   -0.412948  0.00255866
         400   -0.430182   -0.412991  0.00255262
         401   -0.450653   -0.413085  0.00254798
         402    -0.41645   -0.413093  0.00254166
         403   -0.417293   -0.413104  0.00253537
         404    -0.39401   -0.413056  0.00252954
         405   -0.377346   -0.412968  0.00252483
         406   -0.363166   -0.412845  0.00252159
         407   -0.420015   -0.412863  0.00251545
         408   -0.429553   -0.412904  0.00250962
         409   -0.456732   -0.413011  0.00250577
         410   -0.428562   -0.413049  0.00249995
         411   -0.407172   -0.413035  0.00249391
         412   -0.394188   -0.412989  0.00248827
         413   -0.497638   -0.413194  0.00249067
         414   -0.481775    -0.41336  0.00249016
         415   -0.436046   -0.413414  0.00248476
         416   -0.429813   -0.413454   0.0024791
         417   -0.339368   -0.413276  0.00247951
         418   -0.315947   -0.413043  0.00248449
         419   -0.393282   -0.412996  0.00247901
         420   -0.352673   -0.412852  0.00247726
         421   -0.322757   -0.412638   0.0024806
         422   -0.352693   -0.412496  0.00247879
         423   -0.361567   -0.412376  0.00247585
         424   -0.366547   -0.412268  0.00247237
         425    -0.43575   -0.412323  0.00246717
         426   -0.445521   -0.412401  0.00246261
         427   -0.354151   -0.412265  0.00246062
         428   -0.392157   -0.412218  0.00245532
         429   -0.419811   -0.412235  0.00244966
         430   -0.402924   -0.412214  0.00244406
         431   -0.360804   -0.412094   0.0024413
         432   -0.407452   -0.412084  0.00243567
         433   -0.383835   -0.412018  0.00243092
         434   -0.381324   -0.411948  0.00242634
         435    -0.42492   -0.411978  0.00242095
         436   -0.409958   -0.411973   0.0024154
         437   -0.390935   -0.411925  0.00241035
         438   -0.342182   -0.411766   0.0024101
         439   -0.363093   -0.411655  0.00240716
         440   -0.359029   -0.411535  0.00240466
         441    -0.36874   -0.411438  0.00240117
         442   -0.396352   -0.411404  0.00239598
         443   -0.431671    -0.41145    0.002391
         444   -0.427642   -0.411486   0.0023859
         445   -0.476413   -0.411632  0.00238499
         446   -0.414753   -0.411639  0.00237966
         447   -0.465269   -0.411759  0.00237736
         448   -0.395998   -0.411724  0.00237231
         449   -0.317292   -0.411513  0.00237633
         450   -0.368088   -0.411417  0.00237301
         451   -0.359411   -0.411302  0.00237055
         452   -0.378626   -0.411229   0.0023664
         453   -0.435434   -0.411283  0.00236178
         454   -0.450955    -0.41137   0.0023582
         455   -0.460975   -0.411479  0.00235553
         456   -0.416436    -0.41149  0.00235039
         457   -0.445983   -0.411566  0.00234646
         458   -0.429408   -0.411605  0.00234166
         459   -0.424609   -0.411633  0.00233673
         460     -0.4246   -0.411661  0.00233182
         461    -0.43217   -0.411706  0.00232719
         462   -0.371747   -0.411619  0.00232376
         463   -0.508097   -0.411827  0.00232806
         464   -0.489772   -0.411995   0.0023291
         465   -0.380043   -0.411927   0.0023251
         466   -0.377648   -0.411853  0.00232127
         467   -0.424417    -0.41188  0.00231646
         468   -0.428055   -0.411915  0.00231177
         469   -0.396115   -0.411881  0.00230708
         470   -0.402014    -0.41186  0.00230227
         471   -0.409749   -0.411855  0.00229739
         472   -0.428545   -0.411891  0.00229279
         473   -0.442191   -0.411955  0.00228884
         474   -0.470653   -0.412079  0.00228736
         475    -0.42032   -0.412096  0.00228261
         476   -0.373931   -0.412016  0.00227922
         477   -0.391785   -0.411973  0.00227484
         478   -0.438261   -0.412028  0.00227074
         479   -0.486402   -0.412184   0.0022713
         480   -0.475387   -0.412315  0.00227039
         481   -0.489355   -0.412476  0.00227131
         482   -0.461815   -0.412578   0.0022689
         483   -0.473042   -0.412703  0.00226766
         484   -0.422582   -0.412724  0.00226306
         485    -0.44544   -0.412791   0.0022594
         486   -0.448161   -0.412864  0.00225592
         487    -0.44439   -0.412928  0.00225222
         488    -0.41476   -0.412932  0.00224761
         489   -0.462419   -0.413033  0.00224529
         490   -0.435106   -0.413078  0.00224116
         491   -0.424698   -0.413102  0.00223672
         492   -0.495458    -0.41327  0.00223843
         493    -0.44574   -0.413335  0.00223486
         494   -0.426287   -0.413362  0.00223049
         495   -0.434695   -0.413405   0.0022264
         496   -0.440903    -0.41346   0.0022226
         497   -0.388322    -0.41341   0.0022187
         498   -0.317034   -0.413216  0.00222267
         499   -0.394641   -0.413179  0.00221853
         500   -0.331708   -0.413016  0.00222007
         501   -0.371254   -0.412933   0.0022172
         502   -0.374505   -0.412856   0.0022141
         503    -0.39625   -0.412823  0.00220995
         504   -0.465262   -0.412927  0.00220801
         505   -0.453657   -0.413008  0.00220511
         506   -0.453574   -0.413088  0.00220221
         507   -0.507638   -0.413274  0.00220575
         508    -0.42924   -0.413306  0.00220163
         509   -0.378464   -0.413237  0.00219837
         510   -0.401606   -0.413214  0.00219418
         511   -0.531607   -0.413446  0.00220208
         512   -0.454431   -0.413526  0.00219923
         513   -0.517243   -0.413728  0.00220422
         514     -0.5557   -0.414005  0.00221717
         515   -0.480799   -0.414134  0.00221666
         516   -0.502305   -0.414305  0.00221894
         517   -0.487525   -0.414447  0.00221916
         518   -0.371056   -0.414363  0.00221646
         519   -0.355085   -0.414249  0.00221513
         520   -0.317646   -0.414063  0.00221864
         521   -0.376054    -0.41399  0.00221558
         522    -0.36357   -0.413894  0.00221344
         523   -0.317748    -0.41371  0.00221683
         524   -0.335763   -0.413561  0.00221759
         525   -0.360417    -0.41346  0.00221567
         526   -0.425901   -0.413483  0.00221159
         527   -0.396378   -0.413451  0.00220763
         528   -0.515101   -0.413643  0.00221182
         529   -0.465224   -0.413741  0.00220979
         530   -0.348717   -0.413618  0.00220903
         531   -0.357484   -0.413513  0.00220739
         532   -0.421375   -0.413527  0.00220329
         533   -0.471192   -0.413635  0.00220181
         534   -0.368163    -0.41355  0.00219934
         535   -0.424948   -0.413572  0.00219533
         536   -0.406502   -0.413558  0.00219127
         537   -0.503889   -0.413727  0.00219364
         538   -0.471375   -0.413834  0.00219218
         539   -0.552402   -0.414091  0.00220313
         540   -0.416172   -0.414095  0.00219906
         541   -0.412745   -0.414092  0.00219499
         542   -0.401889    -0.41407  0.00219106
         543   -0.328435   -0.413912  0.00219269
         544   -0.341399   -0.413779  0.00219271
         545    -0.36377   -0.413687  0.00219061
         546   -0.369117   -0.413605  0.00218811
         547    -0.45648   -0.413684  0.00218552
         548   -0.511804   -0.413863  0.00218885
         549   -0.449142   -0.413927  0.00218581
         550   -0.408407   -0.413917  0.00218186
         551   -0.489499   -0.414054   0.0021822
         552   -0.419873   -0.414065  0.00217828
         553     -0.3966   -0.414033  0.00217457
         554   -0.401943   -0.414011  0.00217075
         555    -0.42693   -0.414035  0.00216696
         556   -0.473205   -0.414141  0.00216568
         557   -0.357392   -0.414039  0.00216419
         558   -0.375539    -0.41397  0.00216141
         559   -0.359332   -0.413872  0.00215975
         560   -0.333292   -0.413728  0.00216068
         561   -0.327621   -0.413575  0.00216227
         562   -0.378446   -0.413512  0.00215933
         563   -0.424682   -0.413532  0.00215559
         564   -0.502167   -0.413689  0.00215748
         565   -0.497886   -0.413839  0.00215881
         566   -0.433378   -0.413873  0.00215527
         567   -0.423165   -0.413889  0.00215153
         568   -0.439642   -0.413935  0.00214822
         569   -0.500538   -0.414087  0.00214983
         570   -0.465499   -0.414177  0.00214795
         571    -0.42888   -0.414203  0.00214434
         572   -0.417994    -0.41421   0.0021406
         573    -0.37783   -0.414146  0.00213781
         574   -0.397376   -0.414117  0.00213428
         575   -0.367995   -0.414037  0.00213208
         576   -0.349019   -0.413924  0.00213136
         577   -0.424086   -0.413941  0.00212774
         578   -0.431629   -0.413972  0.00212428
         579   -0.454689   -0.414042  0.00212177
         580   -0.414522   -0.414043  0.00211812
         581   -0.386658   -0.413996    0.002115
         582   -0.416761   -0.414001  0.00211137
         583   -0.377872   -0.413939  0.00210865
         584   -0.419165   -0.413948  0.00210506
         585   -0.419722   -0.413958  0.00210149
         586   -0.447974   -0.414016   0.0020987
         587   -0.491008   -0.414147  0.00209922
         588   -0.465577   -0.414234  0.00209747
         589    -0.43337   -0.414267  0.00209416
         590   -0.409968   -0.414259  0.00209063
         591   -0.405425   -0.414244  0.00208714
         592   -0.419805   -0.414254  0.00208364
         593   -0.443513   -0.414303  0.00208071
         594   -0.415958   -0.414306  0.00207721
         595   -0.342854   -0.414186  0.00207719
         596   -0.393922   -0.414152  0.00207398
         597   -0.437533   -0.414191  0.00207087
         598   -0.468077   -0.414281  0.00206937
         599   -0.411463   -0.414277  0.00206592
         600   -0.396416   -0.414247  0.00206269
         601   -0.333003   -0.414112  0.00206369
         602   -0.396363   -0.414082  0.00206047
         603   -0.371188   -0.414011  0.00205828
         604   -0.357472   -0.413917    0.002057
         605   -0.317733   -0.413758  0.00205973
         606   -0.304175   -0.413578  0.00206426
         607   -0.271567   -0.413344  0.00207407
         608   -0.346281   -0.413233  0.00207359
         609   -0.392543   -0.413199  0.00207046
         610   -0.368654   -0.413126  0.00206836
         611   -0.365952   -0.413049  0.00206641
         612   -0.422378   -0.413064  0.00206309
         613   -0.517876   -0.413235   0.0020668
         614   -0.482411   -0.413348   0.0020665
         615   -0.455043   -0.413416  0.00206425
         616   -0.486003   -0.413534  0.00206426
         617   -0.499214   -0.413672  0.00206558
         618   -0.471368   -0.413766  0.00206435
         619   -0.390696   -0.413729  0.00206135
         620   -0.364242   -0.413649  0.00205957
         621   -0.418656   -0.413657  0.00205627
         622   -0.428803   -0.413681  0.00205311
         623   -0.437937    -0.41372  0.00205018
         624   -0.357765    -0.41363  0.00204886
         625   -0.366461   -0.413555  0.00204697
         626   -0.414747   -0.413557   0.0020437
         627   -0.374035   -0.413494  0.00204141
         628   -0.385207   -0.413449  0.00203866
         629    -0.37946   -0.413395  0.00203613
         630   -0.406762   -0.413384  0.00203293
         631   -0.412014   -0.413382  0.00202971
         632   -0.466967   -0.413467  0.00202827
         633   -0.471887   -0.413559  0.00202716
         634   -0.442641   -0.413605  0.00202448
         635   -0.479637   -0.413709  0.00202396
         636   -0.395838   -0.413681  0.00202097
         637   -0.423121   -0.413696  0.00201786
         638    -0.40672   -0.413685  0.00201472
         639   -0.436614   -0.413721  0.00201189
         640   -0.431527   -0.413748  0.00200894
         641    -0.45851   -0.413818  0.00200702
         642   -0.432165   -0.413847   0.0020041
         643   -0.355074   -0.413755  0.00200306
         644    -0.43279   -0.413785  0.00200017
         645   -0.439224   -0.413824  0.00199746
         646   -0.455656   -0.413889  0.00199541
         647   -0.423258   -0.413904  0.00199238
         648   -0.413387   -0.413903  0.00198931
         649   -0.432223   -0.413931  0.00198644
         650   -0.434947   -0.413963  0.00198365
         651   -0.404381   -0.413949  0.00198066
         652   -0.502962   -0.414085  0.00198232
         653   -0.482962   -0.414191  0.00198209
         654   -0.395954   -0.414163  0.00197925
         655   -0.467089   -0.414244  0.00197788
         656   -0.382871   -0.414196  0.00197544
         657   -0.417287   -0.414201  0.00197244
         658   -0.414154     -0.4142  0.00196945
         659   -0.370481   -0.414134  0.00196757
         660   -0.401014   -0.414114  0.00196469
         661    -0.36464   -0.414039  0.00196315
         662   -0.353312   -0.413948  0.00196232
         663   -0.408297   -0.413939  0.00195938
         664   -0.433288   -0.413968  0.00195665
         665   -0.435906   -0.414001  0.00195398
         666   -0.399344   -0.413979  0.00195117
         667    -0.40227   -0.413962  0.00194833
         668   -0.427342   -0.413982  0.00194551
         669    -0.39053   -0.413947  0.00194292
         670   -0.403343   -0.413931  0.00194008
         671   -0.432369   -0.413958  0.00193739
         672   -0.459984   -0.414027  0.00193572
         673   -0.394141   -0.413997  0.00193306
         674   -0.407093   -0.413987  0.00193022
         675   -0.402314    -0.41397  0.00192744
         676   -0.509675   -0.414111  0.00192978
         677   -0.459495   -0.414178   0.0019281
         678    -0.53792   -0.414361  0.00193387
         679   -0.405231   -0.414347  0.00193107
         680   -0.331909   -0.414226  0.00193203
         681   -0.391723   -0.414193  0.00192948
         682   -0.411768    -0.41419  0.00192665
         683    -0.43651   -0.414222  0.00192411
         684   -0.443057   -0.414264  0.00192176
         685   -0.390127   -0.414229  0.00191927
         686   -0.338438   -0.414119  0.00191965
         687   -0.417494   -0.414124  0.00191687
         688   -0.370713    -0.41406  0.00191512
         689   -0.452873   -0.414117  0.00191317
         690   -0.382858   -0.414072  0.00191093
         691   -0.416281   -0.414075  0.00190817
         692   -0.399776   -0.414054  0.00190552
         693   -0.412824   -0.414052  0.00190277
         694   -0.388664   -0.414016  0.00190038
         695   -0.459066   -0.414081  0.00189875
         696   -0.412909   -0.414079  0.00189603
         697   -0.423553   -0.414092  0.00189335
         698   -0.420424   -0.414102  0.00189066
         699   -0.483851   -0.414201  0.00189059
         700   -0.392613    -0.41417  0.00188814
         701   -0.393296   -0.414141  0.00188568
         702   -0.415334   -0.414142    0.001883
         703   -0.416436   -0.414146  0.00188032
         704   -0.445071    -0.41419  0.00187816
         705    -0.45761   -0.414251  0.00187651
         706   -0.410885   -0.414246  0.00187386
         707   -0.448707   -0.414295  0.00187184
         708   -0.457091   -0.414356  0.00187017
         709   -0.440156   -0.414392  0.00186789
         710   -0.430748   -0.414415   0.0018654
         711   -0.397353   -0.414391  0.00186293
         712   -0.418768   -0.414397  0.00186032
         713   -0.460567   -0.414462  0.00185884
         714   -0.422493   -0.414473  0.00185627
         715   -0.473025   -0.414555  0.00185548
         716   -0.404204   -0.414541  0.00185295
         717   -0.430034   -0.414562  0.00185049
         718   -0.402897   -0.414546  0.00184798
         719   -0.369402   -0.414483  0.00184648
         720   -0.348119   -0.414391  0.00184621
         721   -0.356847   -0.414311  0.00184538
         722   -0.356953   -0.414232  0.00184453
         723   -0.447116   -0.414277  0.00184254
         724   -0.480811   -0.414369  0.00184228
         725   -0.479723   -0.414459  0.00184195
         726   -0.524604   -0.414611  0.00184565
         727   -0.517773   -0.414753  0.00184856
         728    -0.43585   -0.414782  0.00184624
         729   -0.447082   -0.414826  0.00184424
         730   -0.456266   -0.414883  0.00184259
         731   -0.428069   -0.414901  0.00184016
         732   -0.410141   -0.414894  0.00183766
         733   -0.386149   -0.414855  0.00183557
         734   -0.365859   -0.414788  0.00183428
         735   -0.425603   -0.414803  0.00183184
         736   -0.378244   -0.414754  0.00183003
         737   -0.448325   -0.414799  0.00182811
         738   -0.447632   -0.414844  0.00182618
         739   -0.426092   -0.414859  0.00182377
         740   -0.419154   -0.414865  0.00182131
         741   -0.410487   -0.414859  0.00181886
         742   -0.403414   -0.414843  0.00181648
         743   -0.426527   -0.414859   0.0018141
         744   -0.426209   -0.414874  0.00181173
         745   -0.439199   -0.414907  0.00180959
         746   -0.411519   -0.414902  0.00180717
         747   -0.389135   -0.414868  0.00180508
         748   -0.336925   -0.414764  0.00180567
         749   -0.365005   -0.414697  0.00180448
         750    -0.39006   -0.414664  0.00180238
         751   -0.407278   -0.414655      0.0018
         752   -0.459345   -0.414714  0.00179859
         753   -0.453687   -0.414766  0.00179695
         754   -0.476634   -0.414848  0.00179643
         755   -0.453909     -0.4149   0.0017948
         756   -0.370947   -0.414841  0.00179337
         757   -0.298538   -0.414688  0.00179757
         758   -0.361292   -0.414617  0.00179658
         759   -0.377543   -0.414568  0.00179487
         760   -0.414944   -0.414569  0.00179251
         761   -0.425009   -0.414583  0.00179021
         762   -0.414725   -0.414583  0.00178786
         763   -0.449969   -0.414629  0.00178612
         764   -0.400776   -0.414611  0.00178387
         765   -0.390742    -0.41458  0.00178181
         766   -0.393191   -0.414552   0.0017797
         767   -0.455636   -0.414606  0.00177819
         768   -0.413826   -0.414605  0.00177587
         769   -0.439742   -0.414637  0.00177387
         770   -0.378603    -0.41459  0.00177218
         771   -0.388004   -0.414556  0.00177022
         772    -0.39599   -0.414532  0.00176809
         773   -0.468666   -0.414602  0.00176719
         774   -0.437236   -0.414631  0.00176514
         775   -0.396985   -0.414608  0.00176301
         776    -0.39708   -0.414586  0.00176089
         777   -0.336303   -0.414485   0.0017615
         778   -0.374943   -0.414434  0.00175997
         779   -0.328191   -0.414324  0.00176119
         780   -0.364013   -0.414259  0.00176011
         781   -0.404267   -0.414246   0.0017579
         782   -0.458978   -0.414303  0.00175659
         783   -0.414947   -0.414304  0.00175434
         784   -0.478301   -0.414386    0.001754
         785   -0.440287   -0.414419  0.00175208
         786   -0.359271   -0.414349  0.00175126
         787   -0.361623   -0.414282  0.00175031
         788   -0.339259   -0.414186  0.00175068
         789   -0.398685   -0.414167  0.00174857
         790    -0.37148   -0.414113  0.00174719
         791   -0.346838   -0.414028  0.00174705
         792   -0.376311    -0.41398  0.00174549
         793   -0.347545   -0.413896   0.0017453
         794   -0.400152   -0.413879  0.00174319
         795   -0.408757   -0.413873  0.00174101
         796   -0.368748   -0.413816  0.00173974
         797   -0.367315   -0.413758  0.00173854
         798   -0.363064   -0.413694  0.00173752
         799   -0.411341   -0.413691  0.00173535
         800   -0.346336   -0.413607  0.00173522
         801   -0.413789   -0.413607  0.00173305
         802   -0.442897   -0.413644  0.00173128
         803    -0.40389   -0.413632  0.00172916
         804   -0.360212   -0.413565  0.00172829
         805   -0.366282   -0.413506  0.00172714
         806   -0.354581   -0.413433  0.00172654
         807   -0.401233   -0.413418  0.00172447
         808   -0.389006   -0.413388   0.0017226
         809   -0.364723   -0.413328  0.00172152
         810   -0.429688   -0.413348  0.00171952
         811   -0.373627   -0.413299  0.00171809
         812   -0.342799   -0.413212  0.00171817
         813   -0.351131   -0.413136  0.00171775
         814    -0.31731   -0.413018  0.00171967
         815   -0.323396   -0.412908  0.00172107
         816   -0.309655   -0.412782  0.00172361
         817   -0.368048   -0.412727  0.00172237
         818   -0.375788   -0.412682  0.00172085
         819   -0.364991   -0.412623  0.00171974
         820   -0.358288   -0.412557  0.00171892
         821   -0.396593   -0.412538  0.00171693
         822   -0.383007   -0.412502  0.00171522
         823   -0.402881    -0.41249  0.00171318
         824   -0.446552   -0.412531   0.0017116
         825   -0.417247   -0.412537  0.00170953
         826   -0.406456    -0.41253  0.00170748
         827   -0.422631   -0.412542  0.00170546
         828   -0.423396   -0.412555  0.00170345
         829   -0.473451   -0.412629  0.00170298
         830   -0.441432   -0.412663  0.00170128
         831   -0.417271   -0.412669  0.00169924
         832    -0.47091   -0.412739  0.00169864
         833   -0.495886   -0.412839  0.00169953
         834    -0.44333   -0.412875  0.00169788
         835   -0.446223   -0.412915  0.00169632
         836   -0.503085   -0.413023  0.00169772
         837   -0.442471   -0.413058  0.00169605
         838   -0.483615   -0.413142  0.00169612
         839    -0.47243   -0.413213  0.00169557
         840   -0.447254   -0.413254  0.00169403
         841   -0.490976   -0.413346  0.00169454
         842   -0.471606   -0.413415  0.00169394
         843   -0.379871   -0.413375   0.0016924
         844   -0.418098   -0.413381   0.0016904
         845   -0.383381   -0.413345  0.00168877
         846   -0.345784   -0.413266  0.00168866
         847   -0.348051   -0.413189  0.00168842
         848   -0.332348   -0.413093  0.00168912
         849   -0.307979   -0.412969  0.00169166
         850    -0.40112   -0.412956  0.00168973
         851   -0.455841   -0.413006   0.0016885
         852   -0.377247   -0.412964  0.00168704
         853   -0.416333   -0.412968  0.00168506
         854   -0.385801   -0.412936  0.00168339
         855   -0.354652   -0.412868   0.0016828
         856   -0.351299   -0.412796  0.00168237
         857   -0.385663   -0.412764  0.00168071
         858   -0.363928   -0.412707  0.00167971
         859   -0.373649   -0.412662  0.00167837
         860    -0.34299   -0.412581  0.00167837
         861    -0.36955   -0.412531  0.00167717
         862   -0.349725   -0.412458   0.0016768
         863   -0.374621   -0.412414  0.00167543
         864   -0.394006   -0.412393  0.00167363
         865   -0.464804   -0.412454  0.00167279
         866   -0.422012   -0.412465   0.0016709
         867    -0.39964    -0.41245  0.00166903
         868   -0.421186    -0.41246  0.00166714
         869   -0.435346   -0.412486  0.00166543
         870   -0.452851   -0.412533  0.00166416
         871   -0.371052   -0.412485  0.00166293
         872   -0.428493   -0.412503  0.00166113
         873   -0.462142    -0.41256   0.0016602
         874   -0.419533   -0.412568  0.00165832
         875   -0.435915   -0.412595  0.00165664
         876   -0.446877   -0.412634  0.00165521
         877   -0.447178   -0.412673  0.00165379
         878   -0.415956   -0.412677  0.00165191
         879   -0.447899   -0.412717  0.00165052
         880   -0.496055   -0.412812  0.00165136
         881   -0.498242   -0.412909  0.00165233
         882   -0.469463   -0.412973   0.0016517
         883   -0.447659   -0.413012  0.00165029
         884   -0.417796   -0.413018  0.00164844
         885   -0.349529   -0.412946  0.00164813
         886   -0.415768   -0.412949  0.00164628
         887   -0.392316   -0.412926  0.00164458
         888   -0.391416   -0.412902  0.00164291
         889   -0.349379    -0.41283  0.00164262
         890   -0.403751    -0.41282   0.0016408
         891   -0.401158   -0.412807  0.00163901
         892   -0.352417   -0.412739  0.00163857
         893   -0.308041   -0.412622  0.00164093
         894   -0.369852   -0.412574  0.00163979
         895   -0.446782   -0.412612   0.0016384
         896   -0.418935   -0.412619  0.00163659
         897   -0.398162   -0.412603  0.00163484
         898   -0.480964   -0.412679  0.00163479
         899   -0.475346   -0.412749  0.00163446
         900   -0.454652   -0.412796  0.00163331
         901   -0.581842   -0.412983  0.00164224
         902   -0.524816   -0.413107  0.00164509
         903   -0.432697   -0.413129  0.00164341
         904   -0.410446   -0.413126  0.00164159
         905   -0.365991   -0.413074  0.00164061
         906   -0.446889   -0.413111  0.00163922
         907   -0.403462   -0.413101  0.00163745
         908    -0.43506   -0.413125  0.00163582
         909   -0.458523   -0.413175  0.00163479
         910   -0.399676    -0.41316  0.00163306
         911   -0.371566   -0.413114   0.0016319
         912   -0.407841   -0.413108  0.00163012
         913   -0.383198   -0.413076  0.00162867
         914   -0.369248   -0.413028  0.00162759
         915   -0.406547   -0.413021  0.00162583
         916   -0.433414   -0.413043   0.0016242
         917   -0.397592   -0.413026  0.00162252
         918   -0.388129   -0.412999  0.00162098
         919    -0.42228   -0.413009  0.00161925
         920   -0.497488   -0.413101  0.00162009
         921   -0.493953   -0.413189  0.00162071
         922   -0.463081   -0.413243  0.00161985
         923   -0.408699   -0.413238   0.0016181
         924   -0.479495    -0.41331  0.00161794
         925   -0.541779   -0.413448  0.00162214
         926   -0.498093    -0.41354  0.00162296
         927   -0.470775   -0.413602  0.00162239
         928   -0.426996   -0.413616   0.0016207
         929   -0.431314   -0.413635  0.00161907
         930    -0.31059   -0.413524  0.00162112
         931   -0.436382   -0.413549  0.00161956
         932   -0.428827   -0.413565  0.00161791
         933   -0.390047    -0.41354  0.00161637
         934   -0.432059    -0.41356  0.00161476
         935   -0.385538    -0.41353  0.00161331
         936   -0.455009   -0.413574   0.0016122
         937   -0.433623   -0.413596  0.00161062
         938   -0.328418   -0.413505  0.00161146
         939   -0.455906    -0.41355  0.00161037
         940   -0.435396   -0.413573  0.00160883
         941   -0.455109   -0.413617  0.00160772
         942   -0.441986   -0.413647   0.0016063
         943   -0.405909   -0.413639  0.00160462
         944   -0.423652    -0.41365  0.00160295
         945   -0.443696   -0.413682  0.00160157
         946   -0.425242   -0.413694  0.00159993
         947   -0.340489   -0.413617   0.0016001
         948   -0.389898   -0.413591  0.00159861
         949   -0.361777   -0.413537  0.00159786
         950   -0.397701    -0.41352  0.00159626
         951    -0.41264   -0.413519  0.00159458
         952   -0.372838   -0.413477  0.00159348
         953   -0.390197   -0.413452    0.001592
         954   -0.305938   -0.413339  0.00159431
         955   -0.372513   -0.413297  0.00159322
         956   -0.452205   -0.413337  0.00159207
         957   -0.380549   -0.413303  0.00159077
         958   -0.289917   -0.413174  0.00159432
         959   -0.342436   -0.413101  0.00159436
         960   -0.399951   -0.413087  0.00159276
         961   -0.419555   -0.413094  0.00159112
         962   -0.426882   -0.413108  0.00158953
         963   -0.419352   -0.413114  0.00158789
         964   -0.443333   -0.413146  0.00158655
         965   -0.511981   -0.413248  0.00158821
         966   -0.489445   -0.413327  0.00158852
         967   -0.438522   -0.413353  0.00158709
         968   -0.378102   -0.413317  0.00158587
         969   -0.390665   -0.413293  0.00158441
         970   -0.277593   -0.413153  0.00158894
         971   -0.418466   -0.413159  0.00158731
         972   -0.394858    -0.41314  0.00158579
         973    -0.47322   -0.413202  0.00158536
         974   -0.496873   -0.413288  0.00158606
         975   -0.455662   -0.413331  0.00158503
         976   -0.413936   -0.413332  0.00158341
         977   -0.382802   -0.413301  0.00158209
         978   -0.422183    -0.41331   0.0015805
         979   -0.380987   -0.413277  0.00157923
         980   -0.380138   -0.413243  0.00157798
         981   -0.344037   -0.413172  0.00157795
         982   -0.395076   -0.413154  0.00157645
         983   -0.362775   -0.413103  0.00157568
         984   -0.434204   -0.413124  0.00157422
         985   -0.390759   -0.413101  0.00157279
         986   -0.342989    -0.41303   0.0015728
         987   -0.345076   -0.412961  0.00157271
         988   -0.364636   -0.412912  0.00157188
         989   -0.441852   -0.412942  0.00157057
         990   -0.356289   -0.412884  0.00157002
         991   -0.382502   -0.412854  0.00156874
         992   -0.395068   -0.412836  0.00156726
         993   -0.433856   -0.412857  0.00156582
         994   -0.356941   -0.412801  0.00156526
         995   -0.419627   -0.412808   0.0015637
         996    -0.37438   -0.412769  0.00156261
         997   -0.374256    -0.41273  0.00156152
         998   -0.428664   -0.412746  0.00156003
         999   -0.337029   -0.412671  0.00156031
        1000   -0.380975   -0.412639  0.00155907
        1001   -0.437405   -0.412664  0.00155771
        1002    -0.41145   -0.412662  0.00155616
        1003   -0.438536   -0.412688  0.00155482
        1004   -0.411912   -0.412687  0.00155327
        1005   -0.406186   -0.412681  0.00155174
        1006    -0.41472   -0.412683   0.0015502
        1007   -0.455792   -0.412726  0.00154925
        1008   -0.399458   -0.412713  0.00154777
        1009    -0.41173   -0.412712  0.00154623
        1010    -0.43203   -0.412731  0.00154482
        1011   -0.443084   -0.412761  0.00154359
        1012   -0.482979    -0.41283  0.00154362
        1013   -0.489296   -0.412906  0.00154394
        1014    -0.42947   -0.412922   0.0015425
        1015   -0.387484   -0.412897  0.00154119
        1016   -0.446534    -0.41293  0.00154003
        1017   -0.464125    -0.41298  0.00153933
        1018   -0.464455   -0.413031  0.00153865
        1019   -0.379613   -0.412998  0.00153749
        1020   -0.462611   -0.413047  0.00153675
        1021   -0.493723   -0.413126  0.00153728
        1022   -0.458633    -0.41317  0.00153642
        1023    -0.37887   -0.413137  0.00153528
        1024   -0.438948   -0.413162  0.00153399
        1025   -0.430214   -0.413179  0.00153258
        1026   -0.476883   -0.413241  0.00153235
        1027   -0.436527   -0.413263  0.00153102
        1028   -0.418198   -0.413268  0.00152954
        1029   -0.395164   -0.413251  0.00152816
        1030   -0.374974   -0.413214  0.00152712
        1031    -0.39813   -0.413199  0.00152571
        1032   -0.413571   -0.413199  0.00152424
        1033   -0.425025   -0.413211   0.0015228
        1034   -0.393239   -0.413191  0.00152145
        1035    -0.44522   -0.413222   0.0015203
        1036   -0.409045   -0.413218  0.00151884
        1037   -0.404653    -0.41321  0.00151739
        1038   -0.451024   -0.413246  0.00151637
        1039   -0.396053    -0.41323    0.001515
        1040   -0.440397   -0.413256  0.00151377
        1041    -0.47629   -0.413317  0.00151352
        1042   -0.412795   -0.413316  0.00151207
        1043   -0.456895   -0.413358   0.0015112
        1044    -0.43089   -0.413375  0.00150984
        1045   -0.427828   -0.413389  0.00150846
        1046    -0.38682   -0.413363  0.00150724
        1047   -0.381276   -0.413332  0.00150611
        1048   -0.406025   -0.413326  0.00150469
        1049   -0.353648   -0.413269  0.00150433
        1050   -0.406261   -0.413262  0.00150291
        1051   -0.437837   -0.413285  0.00150166
        1052    -0.41401   -0.413286  0.00150023
        1053   -0.453432   -0.413324  0.00149929
        1054   -0.418663   -0.413329  0.00149788
        1055    -0.45989   -0.413373  0.00149711
        1056   -0.442425   -0.413401  0.00149594
        1057   -0.432309   -0.413419  0.00149464
        1058   -0.382117   -0.413389  0.00149352
        1059   -0.451853   -0.413425  0.00149255
        1060    -0.40782    -0.41342  0.00149115
        1061   -0.427996   -0.413434  0.00148981
        1062   -0.380781   -0.413403  0.00148872
        1063   -0.433411   -0.413422  0.00148744
        1064   -0.437273   -0.413444  0.00148621
        1065   -0.409471   -0.413441  0.00148482
        1066   -0.379948   -0.413409  0.00148376
        1067   -0.408404   -0.413405  0.00148238
        1068   -0.436407   -0.413426  0.00148114
        1069   -0.415386   -0.413428  0.00147976
        1070   -0.396301   -0.413412  0.00147846
        1071   -0.362186   -0.413364  0.00147786
        1072   -0.407799   -0.413359  0.00147649
        1073    -0.46899   -0.413411  0.00147602
        1074    -0.49369   -0.413486  0.00147654
        1075   -0.476784   -0.413544  0.00147634
        1076    -0.42651   -0.413556  0.00147502
        1077   -0.377299   -0.413523  0.00147403
        1078   -0.401733   -0.413512   0.0014727
        1079   -0.423495   -0.413521  0.00147137
        1080   -0.462428   -0.413566   0.0014707
        1081   -0.414292   -0.413567  0.00146934
        1082   -0.420332   -0.413573    0.001468
        1083   -0.406262   -0.413567  0.00146666
        1084   -0.407969   -0.413561  0.00146531
        1085   -0.408878   -0.413557  0.00146397
        1086   -0.450381   -0.413591  0.00146301
        1087   -0.432528   -0.413608  0.00146177
        1088   -0.385971   -0.413583  0.00146065
        1089   -0.447666   -0.413614  0.00145964
        1090   -0.463682    -0.41366  0.00145903
        1091   -0.468779   -0.413711  0.00145856
        1092   -0.429238   -0.413725   0.0014573
        1093   -0.416279   -0.413727  0.00145596
        1094   -0.472963   -0.413781  0.00145564
        1095   -0.525653   -0.413884  0.00145789
        1096   -0.412012   -0.413882  0.00145656
        1097   -0.335116    -0.41381    0.001457
        1098    -0.34632   -0.413749  0.00145697
        1099   -0.303544   -0.413648  0.00145909
        1100    -0.36407   -0.413603  0.00145846
        1101    -0.35292   -0.413548  0.00145818
        1102   -0.350784   -0.413491  0.00145797
        1103   -0.336652   -0.413422  0.00145831
        1104   -0.352214   -0.413366  0.00145804
        1105   -0.333165   -0.413294  0.00145853
        1106   -0.397465   -0.413279  0.00145728
        1107    -0.35346   -0.413225  0.00145697
        1108   -0.449684   -0.413258  0.00145602
        1109   -0.399862   -0.413246  0.00145476
        1110   -0.430772   -0.413262  0.00145353
        1111   -0.453619   -0.413298  0.00145268
        1112    -0.43985   -0.413322  0.00145157
        1113    -0.38949   -0.413301  0.00145042
        1114   -0.384999   -0.413275  0.00144934
        1115   -0.456186   -0.413314  0.00144855
        1116   -0.396466   -0.413299  0.00144734
        1117    -0.47175   -0.413351  0.00144699
        1118   -0.543801   -0.413468  0.00145039
        1119   -0.530137   -0.413572  0.00145283
        1120   -0.522188   -0.413669  0.00145477
        1121   -0.513884   -0.413758  0.00145622
        1122   -0.553191   -0.413882  0.00146021
        1123   -0.561636   -0.414014  0.00146483
        1124   -0.494851   -0.414086  0.00146529
        1125   -0.471097   -0.414137  0.00146486
        1126   -0.405539   -0.414129  0.00146358
        1127   -0.418643   -0.414133  0.00146229
        1128   -0.456422   -0.414171  0.00146147
        1129   -0.426212   -0.414181  0.00146022
        1130   -0.415978   -0.414183  0.00145892
        1131   -0.422514    -0.41419  0.00145765
        1132   -0.367781   -0.414149  0.00145694
        1133   -0.359408   -0.414101  0.00145646
        1134   -0.406824   -0.414094  0.00145519
        1135   -0.418091   -0.414098  0.00145391
        1136   -0.429252   -0.414111  0.00145269
        1137   -0.423689    -0.41412  0.00145144
        1138   -0.357406    -0.41407  0.00145102
        1139   -0.392413   -0.414051  0.00144987
        1140   -0.411595   -0.414049   0.0014486
        1141   -0.435236   -0.414067  0.00144745
        1142   -0.533789   -0.414172  0.00144997
        1143   -0.471319   -0.414222  0.00144956
        1144   -0.437504   -0.414242  0.00144844
        1145   -0.369196   -0.414203  0.00144771
        1146   -0.339072   -0.414138  0.00144793
        1147   -0.326606   -0.414061  0.00144868
        1148    -0.34685   -0.414003   0.0014486
        1149   -0.337228   -0.413936  0.00144888
        1150   -0.360435   -0.413889  0.00144836
        1151   -0.401922   -0.413879  0.00144714
        1152   -0.419256   -0.413884  0.00144589
        1153   -0.415785   -0.413885  0.00144464
        1154   -0.424685   -0.413895  0.00144342
        1155   -0.384416   -0.413869   0.0014424
        1156   -0.378647   -0.413839  0.00144147
        1157   -0.432416   -0.413855  0.00144031
        1158   -0.366676   -0.413814  0.00143965
        1159   -0.439485   -0.413836  0.00143857
        1160   -0.463103   -0.413879  0.00143796
        1161   -0.368739    -0.41384  0.00143725
        1162   -0.319719   -0.413759  0.00143829
        1163   -0.325706   -0.413683  0.00143905
        1164   -0.375952   -0.413651  0.00143817
        1165   -0.388867   -0.413629   0.0014371
        1166   -0.407564   -0.413624  0.00143587
        1167   -0.505211   -0.413703  0.00143679
        1168    -0.47597   -0.413756  0.00143655
        1169   -0.478918   -0.413812   0.0014364
        1170   -0.437282   -0.413832  0.00143531
        1171   -0.379219   -0.413802  0.00143439
        1172   -0.437622   -0.413822  0.00143331
        1173   -0.493641    -0.41389   0.0014337
        1174   -0.429956   -0.413904  0.00143255
        1175   -0.398403   -0.413891  0.00143139
        1176   -0.372676   -0.413856   0.0014306
        1177   -0.361579   -0.413812  0.00143007
        1178   -0.406862   -0.413806  0.00142887
        1179   -0.400469   -0.413794   0.0014277
        1180   -0.381466   -0.413767  0.00142676
        1181   -0.398849   -0.413754   0.0014256
        1182   -0.442461   -0.413779   0.0014246
        1183   -0.379659    -0.41375  0.00142369
        1184   -0.372559   -0.413715  0.00142292
        1185   -0.386456   -0.413692   0.0014219
        1186   -0.404222   -0.413684  0.00142072
        1187   -0.338465   -0.413621  0.00142094
        1188   -0.392026   -0.413602  0.00141986
        1189   -0.466899   -0.413647  0.00141937
        1190   -0.454956   -0.413682   0.0014186
        1191   -0.465171   -0.413725  0.00141807
        1192   -0.468278   -0.413771  0.00141762
        1193    -0.43632    -0.41379  0.00141656
        1194   -0.383731   -0.413765   0.0014156
        1195    -0.35865   -0.413719  0.00141516
        1196   -0.366981   -0.413679  0.00141452
        1197   -0.366214    -0.41364  0.00141389
        1198   -0.375814   -0.413608  0.00141306
        1199   -0.377777   -0.413578   0.0014122
        1200   -0.400669   -0.413568  0.00141107
        1201   -0.459967   -0.413606  0.00141042
        1202   -0.455108   -0.413641  0.00140967
        1203   -0.397286   -0.413627  0.00140856
        1204   -0.389985   -0.413608  0.00140753
        1205   -0.361067   -0.413564  0.00140704
        1206   -0.400656   -0.413553  0.00140591
        1207   -0.357244   -0.413507  0.00140552
        1208   -0.429152    -0.41352  0.00140442
        1209   -0.427872   -0.413531   0.0014033
        1210   -0.447532   -0.413559  0.00140243
        1211   -0.492097   -0.413624  0.00140277
        1212   -0.462973   -0.413665   0.0014022
        1213   -0.469703   -0.413711  0.00140181
        1214   -0.479115   -0.413765  0.00140169
        1215   -0.435201   -0.413783  0.00140064
        1216   -0.432489   -0.413798  0.00139958
        1217   -0.396955   -0.413784  0.00139849
        1218   -0.320773   -0.413708  0.00139943
        1219   -0.381403   -0.413681  0.00139853
        1220   -0.469677   -0.413727  0.00139814
        1221   -0.496559   -0.413795  0.00139864
        1222   -0.481157    -0.41385  0.00139858
        1223   -0.423757   -0.413858  0.00139746
        1224   -0.435598   -0.413876  0.00139643
        1225   -0.426846   -0.413887  0.00139533
        1226   -0.393299    -0.41387  0.00139429
        1227   -0.455452   -0.413904  0.00139357
        1228   -0.424456   -0.413912  0.00139246
        1229   -0.490134   -0.413974  0.00139271
        1230   -0.457402    -0.41401  0.00139202
        1231   -0.394048   -0.413994  0.00139099
        1232   -0.427486   -0.414005   0.0013899
        1233   -0.440389   -0.414026  0.00138894
        1234   -0.335485   -0.413962  0.00138927
        1235   -0.383284   -0.413937  0.00138837
        1236   -0.446197   -0.413964  0.00138749
        1237   -0.442335   -0.413986  0.00138656
        1238   -0.461981   -0.414025  0.00138598
        1239    -0.46702   -0.414068  0.00138552
        1240   -0.446592   -0.414094  0.00138465
        1241   -0.467478   -0.414137   0.0013842
        1242   -0.432183   -0.414152  0.00138317
        1243    -0.41662   -0.414154  0.00138205
        1244   -0.305913   -0.414067  0.00138368
        1245   -0.398968   -0.414055  0.00138262
        1246   -0.450168   -0.414084  0.00138182
        1247   -0.436685   -0.414102  0.00138083
        1248   -0.504849   -0.414174  0.00138163
        1249   -0.527856   -0.414265  0.00138352
        1250   -0.470804   -0.414311  0.00138315
        1251   -0.425513    -0.41432  0.00138208
        1252   -0.406436   -0.414313  0.00138099
        1253   -0.395309   -0.414298  0.00137997
        1254   -0.337874   -0.414237  0.00138021
        1255   -0.407267   -0.414232  0.00137912
        1256   -0.402765   -0.414223  0.00137806
        1257   -0.416678   -0.414225  0.00137696
        1258   -0.433816    -0.41424  0.00137596
        1259   -0.540134    -0.41434  0.00137849
        1260   -0.541159   -0.414441  0.00138107
        1261    -0.46591   -0.414482  0.00138057
        1262   -0.411807   -0.414479  0.00137948
        1263   -0.368927   -0.414443  0.00137886
        1264   -0.378006   -0.414415  0.00137807
        1265   -0.449989   -0.414443  0.00137727
        1266   -0.386424   -0.414421  0.00137636
        1267    -0.39939   -0.414409  0.00137532
        1268   -0.413163   -0.414408  0.00137424
        1269   -0.365128   -0.414369  0.00137371
        1270   -0.413584   -0.414368  0.00137262
        1271   -0.454143     -0.4144   0.0013719
        1272    -0.41277   -0.414398  0.00137082
        1273   -0.427843   -0.414409  0.00136979
        1274   -0.398288   -0.414396  0.00136877
        1275   -0.391742   -0.414378  0.00136781
        1276    -0.33888   -0.414319  0.00136802
        1277   -0.341307   -0.414262  0.00136814
        1278   -0.366187   -0.414224  0.00136759
        1279   -0.394258   -0.414209  0.00136661
        1280   -0.361065   -0.414167  0.00136617
        1281    -0.42117   -0.414173  0.00136512
        1282   -0.453469   -0.414203  0.00136439
        1283   -0.480873   -0.414255  0.00136432
        1284   -0.482093   -0.414308  0.00136428
        1285   -0.439768   -0.414328  0.00136336
        1286   -0.412145   -0.414326   0.0013623
        1287   -0.419959   -0.414331  0.00136125
        1288   -0.391045   -0.414313  0.00136032
        1289   -0.408434   -0.414308  0.00135927
        1290   -0.489277   -0.414366  0.00135946
        1291   -0.443063   -0.414388  0.00135858
        1292   -0.392256   -0.414371  0.00135764
        1293   -0.357272   -0.414327  0.00135731
        1294   -0.361746   -0.414286  0.00135687
        1295   -0.363583   -0.414247  0.00135639
        1296   -0.364622   -0.414209  0.00135588
        1297    -0.42261   -0.414216  0.00135485
        1298   -0.415892   -0.414217  0.00135381
        1299   -0.344501   -0.414163  0.00135383
        1300   -0.400746   -0.414153  0.00135283
        1301   -0.407958   -0.414148  0.00135179
        1302   -0.421826   -0.414154  0.00135077
        1303    -0.37793   -0.414126  0.00135002
        1304   -0.376484   -0.414097  0.00134929
        1305   -0.412612   -0.414096  0.00134826
        1306   -0.435706   -0.414113  0.00134733
        1307   -0.362945   -0.414074  0.00134686
        1308   -0.404649   -0.414066  0.00134585
        1309   -0.366739    -0.41403  0.00134531
        1310   -0.352373   -0.413983  0.00134511
        1311   -0.361234   -0.413943  0.00134468
        1312   -0.349052   -0.413893  0.00134457
        1313   -0.388328   -0.413874  0.00134368
        1314   -0.328758   -0.413809  0.00134422
        1315   -0.365706   -0.413773   0.0013437
        1316   -0.398726   -0.413761  0.00134273
        1317   -0.435107   -0.413777   0.0013418
        1318   -0.411907   -0.413776  0.00134079
        1319   -0.377075   -0.413748  0.00134006
        1320   -0.408296   -0.413744  0.00133905
        1321   -0.350491   -0.413696  0.00133889
        1322    -0.38482   -0.413674  0.00133806
        1323   -0.413422   -0.413674  0.00133705
        1324   -0.437724   -0.413692  0.00133616
        1325   -0.451983   -0.413721  0.00133546
        1326   -0.414773   -0.413722  0.00133446
        1327   -0.402507   -0.413713  0.00133348
        1328   -0.451333   -0.413742  0.00133277
        1329   -0.399397   -0.413731  0.00133182
        1330   -0.368989   -0.413697  0.00133124
        1331   -0.462175   -0.413734  0.00133074
        1332     -0.4609   -0.413769  0.00133021
        1333   -0.431201   -0.413782  0.00132927
        1334   -0.478543   -0.413831  0.00132916
        1335   -0.431946   -0.413844  0.00132824
        1336   -0.488675     -0.4139  0.00132842
        1337   -0.403539   -0.413893  0.00132745
        1338    -0.38855   -0.413874   0.0013266
        1339    -0.42576   -0.413883  0.00132564
        1340   -0.511294   -0.413955  0.00132664
        1341   -0.498067   -0.414018  0.00132713
        1342    -0.50327   -0.414085  0.00132781
        1343   -0.393156   -0.414069  0.00132691
        1344   -0.372024   -0.414038  0.00132629
        1345   -0.465386   -0.414076  0.00132585
        1346    -0.44667     -0.4141  0.00132509
        1347   -0.450654   -0.414127  0.00132438
        1348   -0.444421    -0.41415  0.00132359
        1349   -0.429062   -0.414161  0.00132266
        1350   -0.394907   -0.414146  0.00132176
        1351   -0.407069   -0.414141  0.00132079
        1352   -0.346562   -0.414091  0.00132076
        1353   -0.397626   -0.414079  0.00131984
        1354    -0.38036   -0.414054   0.0013191
        1355   -0.422062    -0.41406  0.00131814
        1356    -0.48213    -0.41411  0.00131812
        1357   -0.510119   -0.414181  0.00131905
        1358   -0.494954    -0.41424  0.00131941
        1359   -0.427387    -0.41425  0.00131848
        1360   -0.429037   -0.414261  0.00131755
        1361   -0.435997   -0.414277  0.00131668
        1362   -0.475625   -0.414322  0.00131649
        1363   -0.480834   -0.414371  0.00131642
        1364     -0.4265    -0.41438  0.00131549
        1365   -0.371479   -0.414348   0.0013149
        1366   -0.368627   -0.414315  0.00131436
        1367   -0.338881    -0.41426  0.00131456
        1368   -0.340482   -0.414206  0.00131471
        1369   -0.319671   -0.414137  0.00131556
        1370   -0.356235   -0.414094  0.00131528
        1371   -0.390364   -0.414077  0.00131443
        1372   -0.400442   -0.414067  0.00131351
        1373   -0.399808   -0.414057  0.00131259
        1374   -0.344657   -0.414006  0.00131261
        1375    -0.37001   -0.413974  0.00131205
        1376   -0.274624   -0.413873  0.00131499
        1377   -0.500852   -0.413936  0.00131556
        1378   -0.541848   -0.414029  0.00131787
        1379   -0.513658   -0.414101   0.0013189
        1380   -0.460118   -0.414135  0.00131836
        1381    -0.40698   -0.414129  0.00131742
        1382   -0.403226   -0.414122  0.00131649
        1383   -0.393642   -0.414107  0.00131562
        1384    -0.34841   -0.414059  0.00131552
        1385   -0.359593    -0.41402  0.00131516
        1386   -0.392296   -0.414004  0.00131431
        1387    -0.41851   -0.414007  0.00131336
        1388   -0.365252   -0.413972  0.00131289
        1389   -0.408068   -0.413968  0.00131195
        1390   -0.414899   -0.413969    0.001311
        1391   -0.418148   -0.413972  0.00131006
        1392   -0.431785   -0.413985  0.00130919
        1393   -0.407296    -0.41398  0.00130826
        1394   -0.370491   -0.413949  0.00130769
        1395   -0.403716   -0.413941  0.00130677
        1396   -0.384949    -0.41392    0.001306
        1397   -0.366847   -0.413887   0.0013055
        1398   -0.417636   -0.413889  0.00130457
        1399   -0.426949   -0.413899  0.00130367
        1400   -0.431888   -0.413912   0.0013028
        1401   -0.452665   -0.413939  0.00130217
        1402   -0.458564   -0.413971  0.00130163
        1403   -0.487854   -0.414024  0.00130176
        1404   -0.429821   -0.414035  0.00130088
        1405   -0.348899   -0.413989  0.00130078
        1406   -0.385792   -0.413969  0.00130001
        1407   -0.367358   -0.413936  0.00129951
        1408   -0.418519   -0.413939  0.00129859
        1409   -0.460678   -0.413972   0.0012981
        1410    -0.45553   -0.414001  0.00129751
        1411   -0.425164   -0.414009  0.00129661
        1412   -0.451743   -0.414036  0.00129597
        1413    -0.46192    -0.41407   0.0012955
        1414   -0.433376   -0.414084  0.00129465
        1415   -0.369092   -0.414052  0.00129413
        1416   -0.373511   -0.414023  0.00129353
        1417   -0.334162   -0.413967  0.00129385
        1418   -0.386808   -0.413948  0.00129307
        1419   -0.361762   -0.413911  0.00129269
        1420   -0.333511   -0.413854  0.00129302
        1421   -0.411571   -0.413853  0.00129211
        1422   -0.415591   -0.413854   0.0012912
        1423   -0.373617   -0.413826   0.0012906
        1424   -0.407476   -0.413821   0.0012897
        1425   -0.428221   -0.413831  0.00128884
        1426   -0.408815   -0.413828  0.00128794
        1427   -0.415795   -0.413829  0.00128704
        1428    -0.41636   -0.413831  0.00128614
        1429   -0.369897     -0.4138   0.0012856
        1430   -0.369139   -0.413769  0.00128508
        1431   -0.358945   -0.413731  0.00128476
        1432   -0.406899   -0.413726  0.00128387
        1433   -0.456384   -0.413756  0.00128332
        1434   -0.400456   -0.413746  0.00128246
        1435   -0.436872   -0.413762  0.00128166
        1436   -0.423933    -0.41377  0.00128079
        1437   -0.467198   -0.413807  0.00128044
        1438   -0.446824    -0.41383  0.00127975
        1439   -0.400204    -0.41382   0.0012789
        1440   -0.346025   -0.413773  0.00127888
        1441   -0.314915   -0.413704  0.00127983
        1442   -0.351521   -0.413661  0.00127967
        1443   -0.363718   -0.413627  0.00127925
        1444   -0.360436    -0.41359  0.00127889
        1445   -0.374864   -0.413563  0.00127829
        1446   -0.349463   -0.413519  0.00127817
        1447   -0.382103   -0.413497  0.00127747
        1448   -0.347425   -0.413451  0.00127741
        1449   -0.330687   -0.413394   0.0012778
        1450   -0.287931   -0.413308  0.00127985
        1451   -0.367468   -0.413276  0.00127935
        1452   -0.362565   -0.413241  0.00127895
        1453   -0.414166   -0.413242  0.00127807
        1454   -0.344843   -0.413195  0.00127806
        1455    -0.38902   -0.413178  0.00127729
        1456   -0.392519   -0.413164  0.00127649
        1457   -0.436854    -0.41318  0.00127571
        1458   -0.452879   -0.413208  0.00127513
        1459   -0.445739    -0.41323  0.00127445
        1460   -0.424792   -0.413238   0.0012736
        1461   -0.349252   -0.413194  0.00127348
        1462   -0.387285   -0.413176  0.00127274
        1463   -0.361358   -0.413141  0.00127236
        1464   -0.372299   -0.413113   0.0012718
        1465   -0.399331   -0.413104  0.00127096
        1466   -0.362041   -0.413069  0.00127057
        1467   -0.377844   -0.413045  0.00126993
        1468     -0.3687   -0.413014  0.00126943
        1469    -0.37427   -0.412988  0.00126884
        1470   -0.376996   -0.412964  0.00126821
        1471   -0.355319   -0.412924  0.00126795
        1472   -0.359612   -0.412888  0.00126761
        1473   -0.391189   -0.412873  0.00126683
        1474   -0.439167   -0.412891   0.0012661
        1475   -0.385973   -0.412873  0.00126537
        1476   -0.461144   -0.412906  0.00126494
        1477   -0.432776   -0.412919  0.00126415
        1478   -0.435297   -0.412934  0.00126339
        1479   -0.412062   -0.412934  0.00126254
        1480   -0.394431   -0.412921  0.00126174
        1481   -0.409928   -0.412919  0.00126089
        1482   -0.464704   -0.412954  0.00126053
        1483   -0.384647   -0.412935  0.00125982
        1484   -0.382111   -0.412914  0.00125914
        1485   -0.370599   -0.412886  0.00125862
        1486   -0.388061   -0.412869  0.00125788
        1487   -0.376145   -0.412844  0.00125728
        1488   -0.413545   -0.412845  0.00125643
        1489   -0.420898    -0.41285   0.0012556
        1490   -0.398326   -0.412841   0.0012548
        1491   -0.427962   -0.412851    0.001254
        1492   -0.399688   -0.412842  0.00125319
        1493   -0.377002   -0.412818  0.00125258
        1494   -0.371661    -0.41279  0.00125204
        1495   -0.305996   -0.412719  0.00125324
        1496   -0.371918   -0.412692   0.0012527
        1497   -0.398655   -0.412682   0.0012519
        1498   -0.404111   -0.412677  0.00125107
        1499   -0.364761   -0.412645  0.00125065
        1500   -0.311928   -0.412577  0.00125162
        1501   -0.311388    -0.41251   0.0012526
        1502   -0.345864   -0.412466  0.00125255
        1503   -0.313522     -0.4124  0.00125344
        1504   -0.361047   -0.412366  0.00125308
        1505   -0.392147   -0.412352  0.00125231
        1506   -0.380089   -0.412331  0.00125167
        1507   -0.440807    -0.41235  0.00125098
        1508   -0.327131   -0.412293  0.00125142
        1509   -0.342654   -0.412247  0.00125145
        1510   -0.329124   -0.412192  0.00125183
        1511   -0.324829   -0.412134  0.00125233
        1512   -0.354467   -0.412096  0.00125209
        1513   -0.424966   -0.412105  0.00125129
        1514   -0.423759   -0.412112  0.00125048
        1515   -0.342079   -0.412066  0.00125051
        1516   -0.292478   -0.411987  0.00125217
        1517   -0.362093   -0.411954  0.00125178
        1518   -0.391239   -0.411941  0.00125103
        1519    -0.39843   -0.411932  0.00125024
        1520   -0.488107   -0.411982  0.00125042
        1521   -0.520156   -0.412053  0.00125162
        1522   -0.537783   -0.412136  0.00125352
        1523   -0.476513   -0.412178  0.00125341
        1524   -0.476725    -0.41222   0.0012533
        1525   -0.484585   -0.412268  0.00125338
        1526   -0.456875   -0.412297   0.0012529
        1527   -0.483567   -0.412344  0.00125295
        1528   -0.402641   -0.412337  0.00125214
        1529   -0.430632   -0.412349  0.00125138
        1530   -0.409788   -0.412347  0.00125056
        1531   -0.387809   -0.412331  0.00124985
        1532   -0.395646   -0.412321  0.00124908
        1533   -0.386473   -0.412304  0.00124838
        1534   -0.381634   -0.412284  0.00124773
        1535   -0.432461   -0.412297  0.00124698
        1536   -0.456783   -0.412326  0.00124651
        1537   -0.387683    -0.41231   0.0012458
        1538    -0.41616   -0.412312  0.00124499
        1539   -0.381541   -0.412292  0.00124434
        1540    -0.41225   -0.412292  0.00124353
        1541    -0.41379   -0.412293  0.00124273
        1542   -0.487004   -0.412342  0.00124287
        1543   -0.498681   -0.412398  0.00124332
        1544   -0.549629   -0.412487  0.00124569
        1545   -0.482984   -0.412532  0.00124572
        1546   -0.449777   -0.412556  0.00124514
        1547   -0.441221   -0.412575  0.00124448
        1548   -0.384986   -0.412557   0.0012438
        1549   -0.311492   -0.412492  0.00124471
        1550   -0.360262   -0.412458  0.00124436
        1551    -0.39492   -0.412447  0.00124361
        1552   -0.469426   -0.412483  0.00124335
        1553   -0.508826   -0.412545   0.0012441
        1554   -0.496553     -0.4126  0.00124447
        1555   -0.432837   -0.412613  0.00124374
        1556   -0.454454   -0.412639  0.00124323
        1557   -0.359041   -0.412605  0.00124291
        1558   -0.412938   -0.412605  0.00124211
        1559   -0.452109   -0.412631  0.00124157
        1560   -0.393029   -0.412618  0.00124084
        1561   -0.468351   -0.412654  0.00124056
        1562   -0.444578   -0.412674  0.00123993
        1563   -0.360031    -0.41264   0.0012396
        1564   -0.386266   -0.412624  0.00123892
        1565   -0.406985    -0.41262  0.00123813
        1566   -0.350584    -0.41258  0.00123797
        1567   -0.398564   -0.412571  0.00123722
        1568   -0.409479   -0.412569  0.00123643
        1569   -0.366056    -0.41254    0.001236
        1570   -0.428749    -0.41255  0.00123525
        1571   -0.442363   -0.412569  0.00123461
        1572   -0.406192   -0.412565  0.00123383
        1573   -0.420333    -0.41257  0.00123306
        1574   -0.418802   -0.412574  0.00123228
        1575   -0.434661   -0.412588  0.00123158
        1576   -0.512549   -0.412651  0.00123243
        1577   -0.404124   -0.412646  0.00123166
        1578    -0.44939   -0.412669   0.0012311
        1579   -0.471809   -0.412707  0.00123089
        1580   -0.432582   -0.412719  0.00123017
        1581   -0.409363   -0.412717   0.0012294
        1582   -0.473011   -0.412755  0.00122921
        1583   -0.398508   -0.412746  0.00122847
        1584   -0.447884   -0.412768  0.00122789
        1585   -0.457124   -0.412796  0.00122744
        1586   -0.479091   -0.412838  0.00122737
        1587   -0.493027   -0.412889  0.00122764
        1588   -0.459791   -0.412918  0.00122722
        1589   -0.454841   -0.412945  0.00122673
        1590   -0.412072   -0.412944  0.00122596
        1591   -0.377465   -0.412922  0.00122539
        1592   -0.416617   -0.412924  0.00122463
        1593    -0.42517   -0.412932  0.00122388
        1594   -0.429642   -0.412942  0.00122316
        1595   -0.423416   -0.412949  0.00122241
        1596   -0.419057   -0.412953  0.00122165
        1597   -0.455807    -0.41298  0.00122118
        1598   -0.417446   -0.412982  0.00122042
        1599   -0.385362   -0.412965  0.00121978
        1600   -0.367016   -0.412936  0.00121935
        1601   -0.423712   -0.412943  0.00121861
        1602   -0.385524   -0.412926  0.00121797
        1603   -0.374934   -0.412902  0.00121744
        1604   -0.403811   -0.412897   0.0012167
        1605   -0.409881   -0.412895  0.00121594
        1606   -0.353475   -0.412858  0.00121574
        1607   -0.302893   -0.412789  0.00121691
        1608   -0.371256   -0.412763  0.00121643
        1609   -0.401157   -0.412756  0.00121569
        1610    -0.48718   -0.412802  0.00121582
        1611    -0.46823   -0.412837  0.00121555
        1612   -0.460631   -0.412867  0.00121516
        1613    -0.35438    -0.41283  0.00121495
        1614    -0.36857   -0.412803   0.0012145
        1615   -0.327585    -0.41275   0.0012149
        1616   -0.409862   -0.412748  0.00121415
        1617   -0.428352   -0.412758  0.00121343
        1618   -0.401299   -0.412751   0.0012127
        1619   -0.381901   -0.412732   0.0012121
        1620   -0.380774   -0.412712  0.00121152
        1621   -0.389879   -0.412698  0.00121085
        1622   -0.360026   -0.412666  0.00121054
        1623   -0.326557   -0.412612  0.00121096
        1624   -0.400081   -0.412605  0.00121023
        1625   -0.341639   -0.412561  0.00121028
        1626    -0.30252   -0.412493  0.00121142
        1627   -0.291605   -0.412419  0.00121296
        1628   -0.386015   -0.412403  0.00121232
        1629   -0.420736   -0.412408  0.00121159
        1630   -0.384485   -0.412391  0.00121096
        1631   -0.377633    -0.41237  0.00121041
        1632   -0.367826   -0.412342  0.00120997
        1633   -0.420681   -0.412347  0.00120924
        1634    -0.39355   -0.412336  0.00120856
        1635     -0.4047   -0.412331  0.00120783
        1636   -0.482851   -0.412374  0.00120786
        1637   -0.393018   -0.412362  0.00120718
        1638   -0.438518   -0.412378  0.00120655
        1639   -0.416121   -0.412381  0.00120581
        1640   -0.439893   -0.412398   0.0012052
        1641   -0.450238   -0.412421  0.00120468
        1642   -0.349886   -0.412383  0.00120455
        1643   -0.369293   -0.412356   0.0012041
        1644   -0.327283   -0.412305  0.00120448
        1645    -0.35569    -0.41227  0.00120424
        1646   -0.432847   -0.412283  0.00120357
        1647   -0.455102   -0.412309  0.00120312
        1648    -0.40626   -0.412305   0.0012024
        1649   -0.474057   -0.412342  0.00120225
        1650   -0.429386   -0.412353  0.00120157
        1651   -0.352084   -0.412316   0.0012014
        1652   -0.419338    -0.41232  0.00120068
        1653   -0.414062   -0.412322  0.00119995
        1654   -0.456236   -0.412348  0.00119952
        1655   -0.457335   -0.412375   0.0011991
        1656   -0.421012    -0.41238  0.00119839
        1657   -0.415855   -0.412383  0.00119767
        1658   -0.410227   -0.412381  0.00119695
        1659   -0.444766   -0.412401  0.00119638
        1660   -0.390276   -0.412387  0.00119574
        1661   -0.321695   -0.412333  0.00119626
        1662   -0.308021    -0.41227  0.00119719
        1663    -0.41799   -0.412274  0.00119647
        1664   -0.406077    -0.41227  0.00119576
        1665   -0.457343   -0.412297  0.00119535
        1666   -0.429186   -0.412307  0.00119467
        1667   -0.349714   -0.412269  0.00119455
        1668   -0.346286    -0.41223  0.00119449
        1669   -0.327405   -0.412179  0.00119485
        1670   -0.359176   -0.412147  0.00119456
        1671   -0.417285    -0.41215  0.00119385
        1672    -0.49547     -0.4122  0.00119417
        1673    -0.48513   -0.412244  0.00119425
        1674   -0.463417   -0.412274  0.00119393
        1675   -0.418035   -0.412278  0.00119322
        1676   -0.462079   -0.412308  0.00119288
        1677   -0.436028   -0.412322  0.00119225
        1678   -0.505703   -0.412377  0.00119284
        1679   -0.497037   -0.412428   0.0011932
        1680   -0.511013   -0.412486  0.00119393
        1681   -0.500168   -0.412539  0.00119436
        1682   -0.537023   -0.412613  0.00119594
        1683   -0.530626   -0.412683  0.00119728
        1684   -0.498608   -0.412734  0.00119766
        1685   -0.515005   -0.412794  0.00119848
        1686   -0.557234    -0.41288  0.00120083
        1687    -0.46557   -0.412911  0.00120052
        1688   -0.434328   -0.412924  0.00119988
        1689   -0.446754   -0.412944  0.00119934
        1690   -0.354776    -0.41291  0.00119912
        1691   -0.340046   -0.412867  0.00119919
        1692   -0.371876   -0.412842  0.00119872
        1693   -0.398142   -0.412834  0.00119805
        1694   -0.423161    -0.41284  0.00119735
        1695   -0.452245   -0.412863  0.00119687
        1696    -0.48829   -0.412907  0.00119699
        1697   -0.504159   -0.412961  0.00119749
        1698   -0.486789   -0.413005  0.00119758
        1699   -0.493651   -0.413052  0.00119781
        1700   -0.442663    -0.41307  0.00119724
        1701   -0.388604   -0.413055  0.00119662
        1702   -0.418901   -0.413059  0.00119592
        1703   -0.419863   -0.413063  0.00119522
        1704    -0.43995   -0.413078  0.00119463
        1705   -0.449521     -0.4131  0.00119412
        1706   -0.453282   -0.413123  0.00119365
        1707   -0.401994   -0.413117  0.00119297
        1708    -0.33269    -0.41307   0.0011932
        1709   -0.396868    -0.41306  0.00119254
        1710   -0.336994   -0.413016  0.00119267
        1711   -0.410492   -0.413014  0.00119197
        1712   -0.387317   -0.412999  0.00119137
        1713   -0.382559   -0.412982  0.00119081
        1714    -0.38336   -0.412964  0.00119024
        1715   -0.400165   -0.412957  0.00118957
        1716   -0.376052   -0.412935  0.00118907
        1717   -0.383293   -0.412918   0.0011885
        1718    -0.35036   -0.412882  0.00118837
        1719   -0.383098   -0.412864   0.0011878
        1720   -0.419275   -0.412868  0.00118712
        1721   -0.454027   -0.412892  0.00118667
        1722   -0.453346   -0.412915  0.00118621
        1723   -0.481796   -0.412955   0.0011862
        1724   -0.472834    -0.41299  0.00118602
        1725   -0.479599   -0.413029  0.00118596
        1726   -0.393371   -0.413017  0.00118533
        1727   -0.416965    -0.41302  0.00118464
        1728    -0.44094   -0.413036  0.00118407
        1729   -0.408896   -0.413033  0.00118339
        1730   -0.422903   -0.413039  0.00118272
        1731   -0.440733   -0.413055  0.00118214
        1732   -0.391948   -0.413043  0.00118152
        1733   -0.345916   -0.413004  0.00118147
        1734   -0.402184   -0.412998  0.00118081
        1735   -0.448534   -0.413018  0.00118031
        1736   -0.487588   -0.413061  0.00118041
        1737   -0.432477   -0.413073  0.00117978
        1738   -0.380199   -0.413054  0.00117925
        1739   -0.440164   -0.413069  0.00117868
        1740   -0.411943   -0.413069    0.001178
        1741   -0.435183   -0.413081  0.00117739
        1742   -0.455001   -0.413105  0.00117696
        1743   -0.440652   -0.413121  0.00117639
        1744   -0.419631   -0.413125  0.00117573
        1745   -0.394828   -0.413114   0.0011751
        1746   -0.431917   -0.413125  0.00117448
        1747   -0.392484   -0.413113  0.00117386
        1748   -0.463047   -0.413142  0.00117354
        1749   -0.427335    -0.41315   0.0011729
        1750   -0.397735   -0.413141  0.00117226
        1751   -0.397208   -0.413132  0.00117162
        1752   -0.410514   -0.413131  0.00117096
        1753   -0.369884   -0.413106  0.00117055
        1754   -0.321295   -0.413054  0.00117105
        1755   -0.386707   -0.413039  0.00117048
        1756   -0.487605   -0.413081  0.00117058
        1757   -0.513104   -0.413138   0.0011713
        1758   -0.510558   -0.413193  0.00117194
        1759   -0.472871   -0.413227  0.00117177
        1760   -0.458798   -0.413253  0.00117139
        1761    -0.44972   -0.413274  0.00117091
        1762   -0.420478   -0.413278  0.00117025
        1763   -0.489868   -0.413321  0.00117039
        1764   -0.474313   -0.413356  0.00117024
        1765   -0.526385    -0.41342  0.00117133
        1766   -0.507821   -0.413474  0.00117188
        1767   -0.507888   -0.413527  0.00117244
        1768   -0.478197   -0.413564  0.00117234
        1769   -0.467592   -0.413594  0.00117208
        1770    -0.48347   -0.413634  0.00117208
        1771   -0.423505   -0.413639  0.00117143
        1772   -0.432412    -0.41365  0.00117082
        1773   -0.419145   -0.413653  0.00117016
        1774   -0.372788    -0.41363  0.00116973
        1775   -0.390389   -0.413617  0.00116915
        1776   -0.424334   -0.413623   0.0011685
        1777   -0.513741   -0.413679   0.0011692
        1778   -0.463931   -0.413707  0.00116889
        1779   -0.476245   -0.413743  0.00116876
        1780   -0.496687   -0.413789  0.00116903
        1781   -0.474323   -0.413823  0.00116887
        1782   -0.438843   -0.413837   0.0011683
        1783   -0.473208    -0.41387  0.00116811
        1784   -0.433788   -0.413882  0.00116751
        1785   -0.398871   -0.413873  0.00116689
        1786   -0.375766   -0.413852  0.00116643
        1787   -0.436623   -0.413865  0.00116585
        1788   -0.419533   -0.413868   0.0011652
        1789   -0.429985   -0.413877  0.00116458
        1790   -0.447152   -0.413895  0.00116408
        1791   -0.464644   -0.413924  0.00116378
        1792   -0.428821   -0.413932  0.00116316
        1793   -0.373117   -0.413909  0.00116273
        1794   -0.348284   -0.413873  0.00116266
        1795   -0.372208   -0.413849  0.00116224
        1796   -0.377901   -0.413829  0.00116177
        1797   -0.491069   -0.413872  0.00116192
        1798   -0.366606   -0.413846  0.00116157
        1799   -0.405546   -0.413842  0.00116093
        1800   -0.354423   -0.413809  0.00116075
        1801   -0.354246   -0.413775  0.00116058
        1802   -0.367686    -0.41375  0.00116022
        1803   -0.354297   -0.413717  0.00116004
        1804   -0.351424   -0.413682  0.00115991
        1805   -0.422766   -0.413687  0.00115928
        1806   -0.430425   -0.413697  0.00115868
        1807   -0.421737   -0.413701  0.00115805
        1808   -0.378318   -0.413682  0.00115757
        1809   -0.320056    -0.41363  0.00115809
        1810   -0.357016   -0.413599  0.00115787
        1811   -0.374977   -0.413577  0.00115743
        1812   -0.365298   -0.413551  0.00115709
        1813   -0.391634   -0.413538  0.00115652
        1814   -0.442001   -0.413554  0.00115599
        1815   -0.416791   -0.413556  0.00115535
        1816   -0.395464   -0.413546  0.00115476
        1817   -0.347459    -0.41351   0.0011547
        1818   -0.326635   -0.413462  0.00115505
        1819    -0.31837    -0.41341   0.0011556
        1820   -0.367539   -0.413384  0.00115524
        1821   -0.386429    -0.41337   0.0011547
        1822   -0.392156   -0.413358  0.00115412
        1823   -0.358631   -0.413328  0.00115388
        1824   -0.387291   -0.413314  0.00115334
        1825   -0.405381   -0.413309  0.00115271
        1826   -0.381971   -0.413292  0.00115221
        1827   -0.442358   -0.413308  0.00115169
        1828   -0.441298   -0.413323  0.00115116
        1829   -0.405214   -0.413319  0.00115054
        1830   -0.477549   -0.413354  0.00115044
        1831    -0.34642   -0.413317   0.0011504
        1832   -0.368348   -0.413293  0.00115003
        1833   -0.393667   -0.413282  0.00114945
        1834   -0.396751   -0.413273  0.00114886
        1835   -0.442992   -0.413289  0.00114835
        1836    -0.35387   -0.413257  0.00114818
        1837   -0.492954     -0.4133  0.00114837
        1838   -0.425829   -0.413307  0.00114777
        1839     -0.3949   -0.413297  0.00114719
        1840    -0.41905     -0.4133  0.00114657
        1841   -0.412387     -0.4133  0.00114595
        1842   -0.453446   -0.413322  0.00114553
        1843    -0.45601   -0.413345  0.00114515
        1844   -0.392048   -0.413333  0.00114458
        1845   -0.368829   -0.413309  0.00114422
        1846   -0.298849   -0.413247  0.00114528
        1847   -0.341645   -0.413208  0.00114531
        1848   -0.378817    -0.41319  0.00114484
        1849   -0.370561   -0.413167  0.00114446
        1850   -0.416392   -0.413168  0.00114384
        1851   -0.426531   -0.413176  0.00114324
        1852   -0.461161   -0.413202  0.00114292
        1853   -0.430221   -0.413211  0.00114234
        1854   -0.476426   -0.413245  0.00114223
        1855   -0.479936   -0.413281  0.00114218
        1856   -0.437776   -0.413294  0.00114164
        1857   -0.482434   -0.413331  0.00114163
        1858   -0.429542    -0.41334  0.00114105
        1859   -0.407327   -0.413337  0.00114044
        1860   -0.360178   -0.413308  0.00114019
        1861   -0.361565    -0.41328  0.00113992
        1862   -0.430962    -0.41329  0.00113934
        1863   -0.415193   -0.413291  0.00113873
        1864   -0.377061   -0.413271  0.00113829
        1865   -0.282892   -0.413201  0.00113982
        1866   -0.364744   -0.413176  0.00113951
        1867   -0.378089   -0.413157  0.00113905
        1868     -0.4385    -0.41317  0.00113852
        1869   -0.350528   -0.413137  0.00113841
        1870   -0.437536    -0.41315  0.00113787
        1871   -0.427728   -0.413158  0.00113729
        1872   -0.416951    -0.41316  0.00113668
        1873   -0.354597   -0.413128  0.00113651
        1874   -0.369186   -0.413105  0.00113614
        1875   -0.398586   -0.413097  0.00113556
        1876   -0.356953   -0.413067  0.00113535
        1877   -0.369652   -0.413044  0.00113498
        1878   -0.385695    -0.41303  0.00113447
        1879   -0.363987   -0.413003  0.00113417
        1880   -0.338281   -0.412964  0.00113426
        1881   -0.367654    -0.41294  0.00113391
        1882   -0.401572   -0.412934  0.00113333
        1883   -0.364745   -0.412908  0.00113302
        1884   -0.392074   -0.412897  0.00113247
        1885   -0.386449   -0.412883  0.00113195
        1886    -0.43697   -0.412896  0.00113143
        1887   -0.377768   -0.412877  0.00113098
        1888   -0.431317   -0.412887  0.00113042
        1889   -0.363815   -0.412861  0.00113012
        1890   -0.356227   -0.412831  0.00112992
        1891   -0.421133   -0.412835  0.00112933
        1892   -0.432655   -0.412846  0.00112878
        1893   -0.411201   -0.412845  0.00112819
        1894   -0.448824   -0.412864  0.00112775
        1895   -0.387752   -0.412851  0.00112724
        1896   -0.397356   -0.412842  0.00112667
        1897   -0.409536   -0.412841  0.00112608
        1898   -0.356643   -0.412811  0.00112587
        1899   -0.347573   -0.412777   0.0011258
        1900   -0.342173    -0.41274  0.00112583
        1901   -0.334259   -0.412698  0.00112599
        1902   -0.316394   -0.412648  0.00112654
        1903   -0.361446   -0.412621  0.00112627
        1904   -0.399686   -0.412614  0.00112569
        1905   -0.436178   -0.412626  0.00112517
        1906    -0.41073   -0.412625  0.00112458
        1907   -0.370737   -0.412603  0.00112421
        1908   -0.430196   -0.412613  0.00112365
        1909   -0.512276   -0.412665  0.00112428
        1910   -0.477905   -0.412699  0.00112421
        1911    -0.47878   -0.412734  0.00112415
        1912   -0.411641   -0.412733  0.00112356
        1913   -0.414085   -0.412734  0.00112298
        1914   -0.343477   -0.412697  0.00112297
        1915   -0.413591   -0.412698  0.00112239
        1916   -0.321478    -0.41265  0.00112281
        1917   -0.362389   -0.412624  0.00112253
        1918   -0.359862   -0.412597  0.00112228
        1919   -0.398715   -0.412589  0.00112172
        1920     -0.4006   -0.412583  0.00112115
        1921   -0.367093   -0.412559  0.00112082
        1922   -0.345626   -0.412525  0.00112078
        1923   -0.444459   -0.412541  0.00112032
        1924   -0.473633   -0.412573  0.00112019
        1925   -0.479604   -0.412608  0.00112014
        1926   -0.478954   -0.412642  0.00112009
        1927   -0.449377   -0.412661  0.00111967
        1928   -0.466384   -0.412689  0.00111944
        1929    -0.45203    -0.41271  0.00111905
        1930   -0.405207   -0.412706  0.00111847
        1931   -0.403888   -0.412701   0.0011179
        1932   -0.421891   -0.412706  0.00111733
        1933   -0.465454   -0.412733  0.00111709
        1934   -0.465064    -0.41276  0.00111684
        1935    -0.49065     -0.4128  0.00111699
        1936   -0.462019   -0.412826   0.0011167
        1937   -0.398314   -0.412818  0.00111615
        1938   -0.397564   -0.412811   0.0011156
        1939   -0.348908   -0.412778  0.00111551
        1940   -0.389412   -0.412766    0.001115
        1941   -0.359903   -0.412738  0.00111476
        1942   -0.300587   -0.412681  0.00111568
        1943   -0.404729   -0.412676  0.00111511
        1944   -0.360534    -0.41265  0.00111486
        1945   -0.406646   -0.412647  0.00111429
        1946   -0.405785   -0.412643  0.00111373
        1947   -0.395193   -0.412634  0.00111319
        1948   -0.341219   -0.412597  0.00111322
        1949   -0.428447   -0.412606  0.00111268
        1950   -0.438363   -0.412619  0.00111219
        1951   -0.436874   -0.412631  0.00111169
        1952   -0.427709   -0.412639  0.00111115
        1953   -0.407077   -0.412636  0.00111058
        1954   -0.460427   -0.412661  0.00111028
        1955   -0.489711     -0.4127  0.00111041
        1956   -0.547212   -0.412769  0.00111197
        1957   -0.590739    -0.41286  0.00111512
        1958   -0.537385   -0.412923  0.00111636
        1959   -0.554759   -0.412996  0.00111813
        1960   -0.518201   -0.413049  0.00111885
        1961   -0.558643   -0.413124  0.00112074
        1962    -0.57973   -0.413208  0.00112338
        1963   -0.463939   -0.413234  0.00112311
        1964   -0.480146   -0.413268  0.00112305
        1965   -0.486852   -0.413306  0.00112311
        1966   -0.555791   -0.413378  0.00112487
        1967   -0.510214   -0.413428  0.00112537
        1968   -0.442982   -0.413443   0.0011249
        1969   -0.506035    -0.41349  0.00112531
        1970   -0.512919    -0.41354  0.00112587
        1971   -0.420208   -0.413543  0.00112531
        1972   -0.479712   -0.413577  0.00112524
        1973    -0.44875   -0.413595  0.00112481
        1974   -0.444472    -0.41361  0.00112435
        1975   -0.459338   -0.413634  0.00112402
        1976   -0.359204   -0.413606  0.00112379
        1977   -0.441566    -0.41362  0.00112331
        1978   -0.443668   -0.413635  0.00112284
        1979   -0.440635   -0.413649  0.00112236
        1980   -0.457131   -0.413671    0.001122
        1981   -0.436732   -0.413683   0.0011215
        1982   -0.420954   -0.413686  0.00112094
        1983   -0.339426   -0.413649    0.001121
        1984   -0.378387   -0.413631  0.00112057
        1985   -0.380723   -0.413615  0.00112013
        1986    -0.49904   -0.413658  0.00112039
        1987   -0.462977   -0.413682  0.00112011
        1988   -0.356994   -0.413654   0.0011199
        1989   -0.419655   -0.413657  0.00111935
        1990   -0.430445   -0.413665  0.00111881
        1991   -0.399009   -0.413658  0.00111828
        1992   -0.362528   -0.413632  0.00111801
        1993   -0.415019   -0.413633  0.00111745
        1994   -0.310985   -0.413581  0.00111807
        1995   -0.342886   -0.413546  0.00111808
        1996   -0.418318   -0.413548  0.00111752
        1997   -0.391727   -0.413538  0.00111701
        1998   -0.373083   -0.413517  0.00111664
        1999    -0.39134   -0.413506  0.00111613
        2000   -0.368265   -0.413484   0.0011158
