           1   0.0470709   0.0470709           0
           2   0.0533333   0.0502021  0.00221412
           3    0.065949   0.0554511  0.00453283
           4   0.0684085   0.0586904  0.00440767
           5   0.0591426   0.0587809  0.00352706
           6    0.080345   0.0623749   0.0044049
           7   0.0666619   0.0629873  0.00381797
           8   0.0487101   0.0612027  0.00373461
           9   0.0598675   0.0610543   0.0033226
          10   0.0562319   0.0605721  0.00302513
          11   0.0578797   0.0603273     0.00276
          12   0.0537561   0.0597797  0.00258376
          13   0.0397548   0.0582393  0.00280686
          14   0.0452853    0.057314  0.00275467
          15   0.0363065   0.0559135  0.00290531
          16   0.0411935   0.0549935  0.00286569
          17   0.0416454   0.0542083  0.00280262
          18   0.0385356   0.0533376  0.00277889
          19   0.0415268    0.052716  0.00270126
          20   0.0588856   0.0530245  0.00258375
          21   0.0483846   0.0528035  0.00247015
          22   0.0517293   0.0527547  0.00235835
          23   0.0561663    0.052903  0.00226047
          24   0.0590529   0.0531593  0.00218076
          25   0.0416736   0.0526999  0.00214138
          26   0.0560779   0.0528298  0.00206296
          27   0.0458038   0.0525696  0.00200289
          28    0.038832   0.0520789  0.00199055
          29   0.0431053   0.0517695  0.00194581
          30   0.0552142   0.0518843  0.00188434
          31   0.0450065   0.0516625  0.00183657
          32   0.0411319   0.0513334  0.00180842
          33   0.0450325   0.0511424  0.00176367
          34   0.0444891   0.0509468  0.00172262
          35    0.056357   0.0511013  0.00168032
          36   0.0567731   0.0512589  0.00164101
          37   0.0770254   0.0519553  0.00173815
          38   0.0576587   0.0521054  0.00169888
          39   0.0377769    0.051738  0.00169458
          40   0.0578746   0.0518914  0.00165915
          41   0.0498068   0.0518405  0.00161946
          42   0.0526976   0.0518609  0.00158103
          43   0.0399351   0.0515836   0.0015684
          44   0.0484699   0.0515128  0.00153435
          45   0.0591395   0.0516823  0.00150958
          46   0.0597656    0.051858  0.00148696
          47   0.0533481   0.0518897  0.00145566
          48   0.0499684   0.0518497  0.00142588
          49   0.0473797   0.0517585   0.0013997
          50   0.0441603   0.0516065  0.00137993
          51   0.0485952   0.0515475  0.00135413
          52   0.0550816   0.0516154   0.0013298
          53   0.0500922   0.0515867  0.00130502
          54   0.0415996   0.0514018  0.00129389
          55   0.0363042   0.0511273  0.00129916
          56   0.0822081   0.0516823  0.00138946
          57   0.0567773   0.0517717  0.00136796
          58   0.0440991   0.0516394  0.00135075
          59   0.0487236     0.05159  0.00132876
          60   0.0519506    0.051596  0.00130663
          61   0.0547691    0.051648  0.00128625
          62     0.05103    0.051638  0.00126554
          63   0.0618332   0.0517998  0.00125575
          64   0.0421897   0.0516497  0.00124508
          65   0.0423262   0.0515062  0.00123416
          66   0.0465252   0.0514308  0.00121776
          67    0.039517    0.051253   0.0012125
          68   0.0516019   0.0512581  0.00119468
          69   0.0557755   0.0513236  0.00117916
          70   0.0617541   0.0514726  0.00117169
          71   0.0419578   0.0513386  0.00116283
          72   0.0482556   0.0512957  0.00114747
          73   0.0577076   0.0513836   0.0011351
          74    0.054364   0.0514238  0.00112048
          75   0.0583221   0.0515158  0.00110931
          76   0.0452125   0.0514329  0.00109781
          77   0.0431035   0.0513247  0.00108887
          78   0.0383801   0.0511588  0.00108748
          79   0.0346122   0.0509493   0.0010937
          80   0.0335356   0.0507316  0.00110148
          81   0.0382579   0.0505776  0.00109859
          82    0.040401   0.0504535  0.00109218
          83   0.0501786   0.0504502  0.00107903
          84   0.0414529   0.0503431  0.00107148
          85   0.0490204   0.0503275  0.00105899
          86   0.0422297   0.0502334  0.00105085
          87   0.0581347   0.0503242  0.00104269
          88    0.043631   0.0502481  0.00103361
          89   0.0473171   0.0502152  0.00102253
          90   0.0496403   0.0502088  0.00101118
          91   0.0537391   0.0502476  0.00100082
          92   0.0505658   0.0502511 0.000989943
          93     0.05325   0.0502833 0.000979824
          94   0.0445805   0.0502227 0.000971277
          95   0.0423719     0.05014 0.000964562
          96   0.0563222   0.0502044 0.000956662
          97   0.0431799    0.050132 0.000949536
          98   0.0403499   0.0500322 0.000945079
          99   0.0548628    0.050081 0.000936792
         100   0.0540896   0.0501211 0.000928281
         101   0.0434339   0.0500549 0.000921448
         102   0.0460153   0.0500152 0.000913265
         103   0.0548759   0.0500624 0.000905617
         104   0.0525917   0.0500868 0.000897235
         105   0.0520714   0.0501057 0.000888889
         106   0.0524571   0.0501278  0.00088078
         107    0.041405   0.0500463 0.000876313
         108   0.0615883   0.0501532 0.000874692
         109   0.0565206   0.0502116 0.000868615
         110   0.0465906   0.0501787 0.000861342
         111    0.045938   0.0501405 0.000854429
         112   0.0389872   0.0500409 0.000852584
         113   0.0387033   0.0499406 0.000850922
         114   0.0396411   0.0498502 0.000848241
         115   0.0341244   0.0497135 0.000851816
         116   0.0430228   0.0496558 0.000846423
         117   0.0492279   0.0496521 0.000839197
         118   0.0667579   0.0497971 0.000844513
         119   0.0383366   0.0497008 0.000842889
         120   0.0565491   0.0497579 0.000837795
         121   0.0517252   0.0497741 0.000831029
         122   0.0502491    0.049778 0.000824226
         123   0.0465942   0.0497521 0.000817932
         124   0.0408843   0.0496806 0.000814456
         125   0.0453278   0.0496458 0.000808684
         126   0.0509587   0.0496562 0.000802333
         127   0.0647211   0.0497748 0.000804737
         128   0.0484952   0.0497648 0.000798512
         129   0.0551141   0.0498063 0.000793398
         130   0.0568856   0.0498608 0.000789161
         131   0.0656095    0.049981 0.000792241
         132   0.0650496   0.0500951 0.000794421
         133   0.0582244   0.0501563 0.000790796
         134   0.0478368    0.050139 0.000785084
         135   0.0590131   0.0502047 0.000782016
         136   0.0494262    0.050199 0.000776287
         137   0.0586629   0.0502607 0.000773075
         138   0.0567533   0.0503078 0.000768903
         139   0.0621329   0.0503929 0.000768063
         140    0.056679   0.0504378 0.000763888
         141    0.057171   0.0504855 0.000759962
         142   0.0551966   0.0505187 0.000755334
         143   0.0487386   0.0505062 0.000750154
         144   0.0520867   0.0505172 0.000745025
         145   0.0523108   0.0505296  0.00073999
         146   0.0426787   0.0504758 0.000736872
         147   0.0553459   0.0505089 0.000732604
         148   0.0378511   0.0504234 0.000732629
         149   0.0425263   0.0503704 0.000729627
         150   0.0376225   0.0502854 0.000729696
         151   0.0492748   0.0502787 0.000724894
         152    0.038429   0.0502008 0.000724305
         153   0.0458083   0.0501721 0.000720139
         154   0.0382087   0.0500944 0.000719641
         155   0.0324641   0.0499806 0.000723931
         156    0.046883   0.0499608 0.000719563
         157   0.0522867   0.0499756 0.000715132
         158   0.0782966   0.0501549 0.000732726
         159   0.0594855   0.0502135 0.000730464
         160   0.0530285   0.0502311  0.00072611
         161   0.0552962   0.0502626 0.000722281
         162    0.043508   0.0502209 0.000719025
         163   0.0484755   0.0502102 0.000714694
         164   0.0430799   0.0501667 0.000711657
         165   0.0435607   0.0501267 0.000708469
         166   0.0488864   0.0501192 0.000704241
         167   0.0390974   0.0500532  0.00070311
         168   0.0604988   0.0501154 0.000701668
         169   0.0517008   0.0501248 0.000697579
         170   0.0468681   0.0501056 0.000693739
         171   0.0428669   0.0500633 0.000690972
         172   0.0561389   0.0500986 0.000687857
         173   0.0392547   0.0500359 0.000686731
         174   0.0463432   0.0500147 0.000683112
         175   0.0545333   0.0500405 0.000679696
         176   0.0545425   0.0500661 0.000676316
         177    0.052935   0.0500823 0.000672689
         178   0.0482584   0.0500721 0.000668988
         179   0.0563802   0.0501073 0.000666178
         180   0.0506976   0.0501106 0.000662485
         181   0.0530705   0.0501269 0.000659027
         182   0.0557159   0.0501576 0.000656121
         183   0.0416258    0.050111  0.00065419
         184   0.0383539   0.0500471 0.000653747
         185   0.0413064   0.0499999 0.000651919
         186   0.0433179   0.0499639 0.000649403
         187   0.0738878   0.0500919 0.000658411
         188   0.0568593   0.0501279 0.000655892
         189    0.057755   0.0501682 0.000653662
         190   0.0414852   0.0501225 0.000651818
         191   0.0690181   0.0502215  0.00065587
         192   0.0665963   0.0503067 0.000657975
         193   0.0474253   0.0502918 0.000654735
         194   0.0605775   0.0503448 0.000653504
         195    0.048893   0.0503374 0.000650195
         196   0.0487785   0.0503294 0.000646926
         197   0.0459285   0.0503071 0.000644028
         198   0.0633659   0.0503731 0.000644143
         199   0.0551438    0.050397 0.000641352
         200    0.051598    0.050403 0.000638174
         201   0.0373397    0.050338   0.0006383
         202   0.0407881   0.0502908 0.000636888
         203   0.0431102   0.0502554 0.000634732
         204   0.0435656   0.0502226 0.000632467
         205   0.0524027   0.0502332 0.000629472
         206   0.0559043   0.0502608 0.000627018
         207   0.0438192   0.0502296  0.00062476
         208   0.0563064   0.0502589 0.000622439
         209   0.0656337   0.0503324 0.000623793
         210   0.0460314   0.0503119 0.000621159
         211    0.056082   0.0503393 0.000618817
         212   0.0660088   0.0504132 0.000620296
         213    0.056713   0.0504428 0.000618089
         214   0.0573095   0.0504749 0.000616033
         215   0.0551202   0.0504965 0.000613546
         216   0.0615355   0.0505476  0.00061283
         217   0.0472379   0.0505323 0.000610196
         218   0.0507392   0.0505333 0.000607398
         219   0.0484892   0.0505239 0.000604696
         220   0.0464073   0.0505052 0.000602237
         221   0.0381926   0.0504495 0.000602083
         222   0.0455709   0.0504275 0.000599772
         223   0.0418332    0.050389  0.00059832
         224   0.0423302    0.050353 0.000596729
         225   0.0488878   0.0503465 0.000594113
         226   0.0514272   0.0503513 0.000591503
         227   0.0396899   0.0503043 0.000590759
         228   0.0368802   0.0502454 0.000591095
         229   0.0571853   0.0502758  0.00058929
         230   0.0425389   0.0502421 0.000587687
         231   0.0411969    0.050203 0.000586446
         232   0.0530449   0.0502152 0.000584046
         233   0.0568719   0.0502438 0.000582238
         234   0.0461861   0.0502264 0.000580008
         235   0.0416238   0.0501898 0.000578694
         236   0.0406958   0.0501496 0.000577638
         237   0.0581208   0.0501832 0.000576179
         238    0.060427   0.0502263 0.000575364
         239   0.0497771   0.0502244 0.000572959
         240   0.0306695   0.0501429 0.000576336
         241   0.0332775   0.0500729 0.000578178
         242   0.0459153   0.0500558 0.000576044
         243   0.0642051    0.050114 0.000576609
         244   0.0454329   0.0500948 0.000574565
         245   0.0390797   0.0500498 0.000573976
         246   0.0424371   0.0500189 0.000572476
         247   0.0401267   0.0499788 0.000571558
         248   0.0456319   0.0499613 0.000569522
         249   0.0451827   0.0499421 0.000567558
         250   0.0451295   0.0499229 0.000565614
         251   0.0591434   0.0499596 0.000564552
         252   0.0539027   0.0499753 0.000562529
         253   0.0546157   0.0499936 0.000560604
         254   0.0470004   0.0499818 0.000558521
         255   0.0497918   0.0499811 0.000556331
         256   0.0533985   0.0499944 0.000554318
         257   0.0465752   0.0499811 0.000552321
         258    0.050945   0.0499848 0.000550193
         259   0.0462987   0.0499706 0.000548252
         260   0.0556316   0.0499924 0.000546576
         261   0.0536158   0.0500063 0.000544658
         262    0.052094   0.0500142 0.000542638
         263   0.0550497   0.0500334 0.000540912
         264   0.0556181   0.0500545 0.000539277
         265   0.0542743   0.0500705 0.000537477
         266   0.0503467   0.0500715 0.000535457
         267   0.0405852    0.050036 0.000534629
         268   0.0544412   0.0500524 0.000532887
         269   0.0403338   0.0500163 0.000532129
         270   0.0486165   0.0500111 0.000530183
         271   0.0468994   0.0499996 0.000528351
         272   0.0472864   0.0499896 0.000526503
         273   0.0382916   0.0499468 0.000526315
         274   0.0389506   0.0499067 0.000525922
         275    0.042595   0.0498801 0.000524681
         276   0.0467901   0.0498689   0.0005229
         277   0.0739939    0.049956 0.000528215
         278   0.0545784   0.0499726 0.000526577
         279   0.0476375   0.0499642 0.000524756
         280   0.0421094   0.0499362 0.000523631
         281   0.0460022   0.0499222 0.000521955
         282   0.0502482   0.0499233 0.000520105
         283   0.0596999   0.0499579 0.000519414
         284   0.0600083   0.0499933 0.000518789
         285   0.0468963   0.0499824 0.000517082
         286   0.0504146   0.0499839 0.000515277
         287   0.0428519   0.0499591  0.00051408
         288   0.0487992    0.049955 0.000512311
         289   0.0480146   0.0499483 0.000510582
         290   0.0443193   0.0499289  0.00050919
         291   0.0484012   0.0499237 0.000507468
         292   0.0659126   0.0499784 0.000508675
         293   0.0425842   0.0499532 0.000507565
         294   0.0527923   0.0499628  0.00050593
         295   0.0433442   0.0499404 0.000504712
         296   0.0581971   0.0499683 0.000503778
         297   0.0576988   0.0499943 0.000502753
         298   0.0500079   0.0499944 0.000501066
         299   0.0651229    0.050045 0.000501939
         300   0.0575787   0.0500701 0.000500893
         301    0.034906   0.0500197 0.000501756
         302   0.0421425   0.0499936 0.000500772
         303   0.0587801   0.0500226 0.000499958
         304   0.0518179   0.0500285 0.000498349
         305   0.0523811   0.0500362 0.000496774
         306   0.0573252   0.0500601 0.000495722
         307   0.0616865   0.0500979 0.000495552
         308   0.0736097   0.0501743 0.000499788
         309   0.0691427   0.0502356 0.000501926
         310   0.0504209   0.0502362 0.000500307
         311   0.0646669   0.0502826 0.000500846
         312   0.0426317   0.0502581  0.00049984
         313   0.0408604   0.0502281 0.000499144
         314   0.0488333   0.0502237 0.000497574
         315   0.0413312   0.0501954 0.000496795
         316    0.039713   0.0501623 0.000496329
         317   0.0361259    0.050118 0.000496735
         318   0.0378472   0.0500794 0.000496669
         319   0.0371159   0.0500388 0.000496772
         320   0.0444075   0.0500212 0.000495531
         321   0.0414139   0.0499943 0.000494712
         322   0.0538895   0.0500064 0.000493324
         323   0.0483591   0.0500013 0.000491823
         324   0.0489565   0.0499981 0.000490315
         325   0.0577897   0.0500221 0.000489393
         326   0.0514721   0.0500265 0.000487912
         327   0.0563524   0.0500459 0.000486803
         328   0.0421901   0.0500219 0.000485907
         329   0.0439668   0.0500035 0.000484779
         330   0.0394828   0.0499716 0.000484357
         331   0.0482151   0.0499663 0.000482923
         332   0.0402747   0.0499371  0.00048235
         333    0.047093   0.0499286 0.000480977
         334   0.0448796   0.0499135 0.000479774
         335   0.0429902   0.0498928 0.000478787
         336   0.0518443   0.0498986 0.000477397
         337   0.0430891   0.0498784 0.000476408
         338   0.0536633   0.0498896  0.00047513
         339   0.0469731    0.049881 0.000473807
         340   0.0496139   0.0498802 0.000472414
         341   0.0430554   0.0498602 0.000471452
         342   0.0417226   0.0498364 0.000470674
         343   0.0494357   0.0498353 0.000469303
         344   0.0660152   0.0498823  0.00047029
         345    0.053729   0.0498934 0.000469059
         346   0.0536361   0.0499043 0.000467828
         347   0.0494744    0.049903 0.000466481
         348   0.0454524   0.0498902 0.000465316
         349   0.0477701   0.0498842 0.000464022
         350   0.0450887   0.0498705 0.000462899
         351   0.0524238   0.0498777 0.000461637
         352    0.044746   0.0498631 0.000460556
         353   0.0428922   0.0498434 0.000459674
         354   0.0457473   0.0498318 0.000458521
         355   0.0692555   0.0498865 0.000460483
         356   0.0631619   0.0499238 0.000460697
         357   0.0706499   0.0499819  0.00046305
         358   0.0500702   0.0499821 0.000461756
         359   0.0472996   0.0499747 0.000460531
         360    0.048934   0.0499718  0.00045926
         361   0.0522816   0.0499782 0.000458033
         362   0.0604102    0.050007 0.000457673
         363   0.0711495   0.0500652 0.000460104
         364   0.0609677   0.0500952 0.000459813
         365   0.0535462   0.0501046 0.000458651
         366   0.0388389   0.0500739 0.000458429
         367   0.0370336   0.0500383 0.000458555
         368   0.0376322   0.0500046 0.000458547
         369    0.051737   0.0500093 0.000457328
         370   0.0461403   0.0499989 0.000456212
         371   0.0458213   0.0499876 0.000455121
         372   0.0430129   0.0499688 0.000454283
         373   0.0379312   0.0499366  0.00045421
         374   0.0325095     0.04989  0.00045538
         375   0.0322898    0.049843 0.000456578
         376   0.0435709   0.0498264 0.000455668
         377   0.0460616   0.0498164 0.000454569
         378   0.0423536   0.0497966 0.000453795
         379   0.0512369   0.0498004 0.000452613
         380   0.0406702   0.0497764 0.000452059
         381   0.0435753   0.0497601 0.000451166
         382   0.0455706   0.0497492 0.000450118
         383   0.0616448   0.0497802 0.000450013
         384   0.0528587   0.0497882 0.000448913
         385   0.0489738   0.0497861 0.000447752
         386    0.040102    0.049761 0.000447294
         387   0.0423588   0.0497419 0.000446547
         388   0.0363706   0.0497074 0.000446724
         389   0.0396894   0.0496817 0.000446317
         390   0.0500653   0.0496827 0.000445174
         391   0.0489359   0.0496808 0.000444039
         392   0.0376127     0.04965 0.000443973
         393   0.0418317   0.0496301 0.000443288
         394    0.038151   0.0496009  0.00044312
         395   0.0397737   0.0495761 0.000442696
         396   0.0455517   0.0495659 0.000441694
         397   0.0496187    0.049566 0.000440582
         398   0.0471825   0.0495601 0.000439516
         399   0.0523745   0.0495671 0.000438471
         400   0.0474725   0.0495619 0.000437406
         401   0.0471073   0.0495557 0.000436358
         402   0.0527061   0.0495636 0.000435343
         403   0.0504921   0.0495659 0.000434268
         404   0.0496437   0.0495661 0.000433194
         405   0.0452761   0.0495555 0.000432253
         406    0.047622   0.0495507 0.000431215
         407   0.0588862   0.0495737 0.000430765
         408   0.0511529   0.0495775 0.000429727
         409   0.0491857   0.0495766 0.000428677
         410   0.0537432   0.0495867 0.000427752
         411   0.0377069   0.0495578 0.000427687
         412   0.0616688   0.0495872 0.000427658
         413   0.0458661   0.0495782 0.000426717
         414   0.0459391   0.0495694 0.000425777
         415   0.0401073   0.0495466 0.000425361
         416   0.0442862    0.049534 0.000424526
         417   0.0364154   0.0495025 0.000424672
         418    0.043965   0.0494893 0.000423863
         419   0.0501516   0.0494909 0.000422854
         420   0.0502652   0.0494927 0.000421852
         421    0.050601   0.0494953 0.000420858
         422   0.0462012   0.0494875 0.000419933
         423   0.0530303   0.0494959 0.000419024
         424   0.0547205   0.0495082 0.000418216
         425   0.0535652   0.0495178 0.000417341
         426   0.0470936   0.0495121   0.0004164
         427   0.0574639   0.0495307 0.000415842
         428   0.0414066   0.0495117 0.000415303
         429   0.0397814    0.049489 0.000414954
         430   0.0486768   0.0494872 0.000413993
         431   0.0478695   0.0494834  0.00041305
         432   0.0381765   0.0494572 0.000412922
         433   0.0533142   0.0494661 0.000412064
         434   0.0571107   0.0494837 0.000411491
         435   0.0426186    0.049468 0.000410848
         436   0.0533972    0.049477 0.000410004
         437   0.0535308   0.0494863 0.000409171
         438   0.0632158   0.0495176 0.000409436
         439   0.0495559   0.0495177 0.000408503
         440   0.0711621   0.0495669 0.000410526
         441   0.0515196   0.0495713 0.000409619
         442   0.0415147   0.0495531 0.000409097
         443   0.0433074    0.049539 0.000408417
         444   0.0407174   0.0495191  0.00040798
         445   0.0428349   0.0495041 0.000407339
         446   0.0441404   0.0494921 0.000406604
         447   0.0497557   0.0494927 0.000405694
         448   0.0554908    0.049506  0.00040501
         449   0.0537146   0.0495154 0.000404216
         450    0.048973   0.0495142  0.00040332
         451   0.0560977   0.0495288 0.000402689
         452   0.0503282   0.0495306 0.000401802
         453   0.0571958   0.0495475 0.000401272
         454   0.0557409   0.0495611  0.00040062
         455   0.0516123   0.0495656 0.000399764
         456   0.0454595   0.0495566 0.000398989
         457   0.0514277   0.0495607 0.000398137
         458   0.0450841    0.049551 0.000397388
         459   0.0451619   0.0495414 0.000396637
         460   0.0553061   0.0495539 0.000395973
         461   0.0510046   0.0495571 0.000395126
         462   0.0463268   0.0495501 0.000394333
         463   0.0470111   0.0495446 0.000393519
         464   0.0436501   0.0495319 0.000392876
         465   0.0510802   0.0495352 0.000392045
         466   0.0423304   0.0495198 0.000391509
         467   0.0651642   0.0495533 0.000392101
         468   0.0575019   0.0495703 0.000391631
         469   0.0555234   0.0495829 0.000391002
         470    0.065374   0.0496165 0.000391611
         471   0.0507042   0.0496189 0.000390786
         472   0.0483092   0.0496161 0.000389968
         473   0.0441691   0.0496046 0.000389313
         474   0.0389188    0.049582 0.000389144
         475   0.0427413   0.0495676 0.000388591
         476   0.0560996   0.0495813 0.000388017
         477   0.0469293   0.0495758 0.000387244
         478   0.0368095   0.0495491 0.000387353
         479   0.0345871   0.0495178 0.000387802
         480   0.0406553   0.0494994 0.000387433
         481   0.0387358    0.049477 0.000387274
         482   0.0401946   0.0494577 0.000386949
         483   0.0394153   0.0494369 0.000386706
         484   0.0396861   0.0494168 0.000386431
         485   0.0446571    0.049407 0.000385759
         486   0.0457045   0.0493994 0.000385041
         487    0.049699      0.0494  0.00038425
         488   0.0561899   0.0494139 0.000383715
         489   0.0654614   0.0494467 0.000384331
         490   0.0521839   0.0494523 0.000383587
         491   0.0432835   0.0494397 0.000383012
         492   0.0506268   0.0494421 0.000382241
         493   0.0543006    0.049452 0.000381592
         494   0.0514526   0.0494561 0.000380841
         495   0.0455402   0.0494481 0.000380154
         496   0.0422628   0.0494337 0.000379664
         497   0.0471966   0.0494292 0.000378926
         498   0.0523289    0.049435  0.00037821
         499   0.0396352   0.0494153 0.000377962
         500   0.0451697   0.0494068 0.000377301
         501   0.0438285   0.0493957 0.000376712
         502   0.0499392   0.0493968 0.000375964
         503   0.0409652     0.04938  0.00037559
         504   0.0384358   0.0493583 0.000375472
         505   0.0513667   0.0493623 0.000374749
         506   0.0432368   0.0493502 0.000374204
         507   0.0406288    0.049333 0.000373861
         508   0.0402521   0.0493151 0.000373552
         509   0.0618195   0.0493397 0.000373625
         510   0.0414355   0.0493242 0.000373214
         511   0.0465071   0.0493187 0.000372524
         512   0.0733222   0.0493655 0.000374735
         513   0.0461125   0.0493592 0.000374058
         514     0.04773    0.049356 0.000373344
         515    0.047988   0.0493534 0.000372629
         516   0.0380701   0.0493315 0.000372548
         517   0.0519533   0.0493366 0.000371861
         518   0.0709104   0.0493782 0.000373469
         519   0.0469446   0.0493735 0.000372778
         520   0.0529113   0.0493803 0.000372124
         521   0.0372512   0.0493571 0.000372137
         522   0.0387748   0.0493368 0.000371976
         523   0.0444746   0.0493275 0.000371381
         524   0.0473878   0.0493238  0.00037069
         525    0.058204   0.0493407  0.00037037
         526   0.0472854   0.0493368 0.000369686
         527   0.0613779   0.0493597  0.00036969
         528   0.0435342   0.0493486 0.000369155
         529   0.0424965   0.0493357 0.000368684
         530   0.0556957   0.0493477 0.000368184
         531   0.0678661   0.0493825 0.000369138
         532   0.0555684   0.0493942 0.000368628
         533   0.0374832   0.0493718 0.000368613
         534   0.0447466   0.0493632 0.000368024
         535   0.0393657   0.0493445  0.00036781
         536   0.0508508   0.0493473 0.000367135
         537   0.0362411   0.0493229 0.000367262
         538   0.0449931   0.0493148 0.000366667
         539   0.0394983   0.0492966 0.000366439
         540   0.0515384   0.0493008 0.000365784
         541   0.0480285   0.0492984 0.000365115
         542   0.0511493   0.0493018 0.000364458
         543   0.0664439   0.0493334 0.000365151
         544   0.0698863   0.0493712 0.000366429
         545   0.0541228   0.0493799 0.000365861
         546   0.0374807   0.0493581 0.000365839
         547   0.0462222   0.0493524 0.000365215
         548   0.0366705   0.0493292 0.000365281
         549   0.0335792   0.0493005 0.000365741
         550   0.0351308   0.0492748 0.000365982
         551   0.0424502   0.0492624 0.000365527
         552   0.0471613   0.0492586 0.000364885
         553   0.0439174   0.0492489 0.000364353
         554   0.0371304   0.0492271 0.000364351
         555   0.0459501   0.0492212 0.000363743
         556   0.0496749    0.049222 0.000363089
         557   0.0517097   0.0492264 0.000362465
         558   0.0429321   0.0492152 0.000361991
         559   0.0490117   0.0492148 0.000361343
         560   0.0432914   0.0492042 0.000360853
         561   0.0467633   0.0491999 0.000360236
         562   0.0456515   0.0491935  0.00035965
         563   0.0478161   0.0491911  0.00035902
         564   0.0396209   0.0491741 0.000358784
         565   0.0399078   0.0491577 0.000358524
         566   0.0386101   0.0491391 0.000358374
         567   0.0434843   0.0491291 0.000357881
         568   0.0450964    0.049122 0.000357321
         569   0.0447994   0.0491144 0.000356774
         570   0.0539412   0.0491229 0.000356248
         571   0.0410453   0.0491087 0.000355905
         572   0.0596024   0.0491271 0.000355756
         573   0.0472241   0.0491238  0.00035515
         574   0.0507621   0.0491266 0.000354543
         575   0.0458284   0.0491209 0.000353973
         576   0.0545296   0.0491303 0.000353483
         577   0.0489384   0.0491299  0.00035287
         578   0.0559019   0.0491417 0.000352454
         579    0.047238   0.0491384 0.000351861
         580   0.0422615   0.0491265 0.000351454
         581   0.0480079   0.0491246 0.000350854
         582    0.044351   0.0491164 0.000350347
         583   0.0614328   0.0491375 0.000350383
         584   0.0551408   0.0491478 0.000349934
         585   0.0596779   0.0491658 0.000349798
         586   0.0402112   0.0491505 0.000349535
         587   0.0624335   0.0491731 0.000349671
         588   0.0475111   0.0491703 0.000349088
         589   0.0551005   0.0491804  0.00034864
         590   0.0523069   0.0491857  0.00034809
         591    0.052018   0.0491905 0.000347534
         592   0.0422499   0.0491788 0.000347144
         593   0.0498095   0.0491798  0.00034656
         594   0.0511187   0.0491831 0.000345992
         595   0.0459119   0.0491776 0.000345455
         596   0.0418227   0.0491652 0.000345095
         597   0.0370408   0.0491449 0.000345114
         598   0.0408869   0.0491311 0.000344813
         599   0.0336068   0.0491052  0.00034521
         600   0.0346023    0.049081  0.00034548
         601   0.0517761   0.0490855 0.000344934
         602   0.0414725   0.0490729 0.000344593
         603   0.0553937   0.0490834 0.000344181
         604   0.0478694   0.0490813 0.000343617
         605   0.0593038   0.0490982 0.000343464
         606   0.0456409   0.0490925 0.000342945
         607   0.0526423   0.0490984  0.00034243
         608   0.0530195   0.0491048 0.000341927
         609   0.0455413    0.049099 0.000341416
         610   0.0496286   0.0490999 0.000340857
         611   0.0419218   0.0490881 0.000340502
         612   0.0480211   0.0490864  0.00033995
         613   0.0517001   0.0490906 0.000339422
         614   0.0398899   0.0490756   0.0003392
         615   0.0383494   0.0490582 0.000339097
         616   0.0564037   0.0490701 0.000338756
         617   0.0448034   0.0490632 0.000338277
         618   0.0387718   0.0490466 0.000338139
         619   0.0473013   0.0490437 0.000337605
         620   0.0554913   0.0490541 0.000337221
         621   0.0586315   0.0490696  0.00033703
         622   0.0574079    0.049083 0.000336755
         623   0.0402719   0.0490688 0.000336511
         624   0.0444587   0.0490614 0.000336053
         625    0.040912   0.0490484 0.000335768
         626   0.0345343   0.0490252 0.000336031
         627   0.0540437   0.0490332 0.000335591
         628   0.0535384   0.0490404 0.000335133
         629   0.0580865   0.0490548 0.000334908
         630    0.042075   0.0490437  0.00033456
         631    0.057528   0.0490571   0.0003343
         632   0.0438784   0.0490489 0.000333871
         633   0.0431579   0.0490396 0.000333474
         634   0.0497024   0.0490407 0.000332949
         635   0.0488312   0.0490403 0.000332425
         636   0.0545018   0.0490489 0.000332013
         637   0.0435026   0.0490402 0.000331606
         638    0.038734   0.0490241  0.00033148
         639   0.0450473   0.0490179 0.000331019
         640   0.0434001   0.0490091 0.000330619
         641   0.0382897   0.0489924 0.000330525
         642   0.0481568   0.0489911 0.000330013
         643   0.0584061   0.0490057 0.000329825
         644   0.0539665   0.0490134 0.000329402
         645   0.0562712   0.0490246 0.000329084
         646   0.0492834    0.049025 0.000328575
         647    0.047265   0.0490223 0.000328078
         648   0.0624705   0.0490431 0.000328227
         649   0.0452901   0.0490373 0.000327773
         650   0.0370632   0.0490189 0.000327786
         651   0.0386198   0.0490029 0.000327671
         652   0.0454624   0.0489975 0.000327214
         653   0.0468733   0.0489942 0.000326729
         654   0.0519777   0.0489988 0.000326261
         655   0.0474678   0.0489964 0.000325771
         656   0.0473418   0.0489939 0.000325284
         657   0.0416869   0.0489828 0.000324979
         658   0.0516973   0.0489869 0.000324512
         659   0.0570362   0.0489991 0.000324249
         660   0.0437547   0.0489912 0.000323855
         661   0.0505326   0.0489935 0.000323373
         662   0.0448512   0.0489873 0.000322946
         663   0.0417108   0.0489763 0.000322645
         664   0.0532165   0.0489827 0.000322222
         665    0.055176    0.048992 0.000321872
         666   0.0419516   0.0489814 0.000321562
         667    0.040716    0.048969 0.000321319
         668   0.0414222   0.0489577 0.000321037
         669   0.0409363   0.0489457  0.00032078
         670   0.0449549   0.0489398 0.000320357
         671   0.0485562   0.0489392  0.00031988
         672   0.0504009   0.0489414 0.000319411
         673   0.0641504    0.048964 0.000319735
         674   0.0592315   0.0489792 0.000319624
         675   0.0528176   0.0489849 0.000319201
         676   0.0539179   0.0489922 0.000318812
         677   0.0342483   0.0489704 0.000319084
         678    0.040736   0.0489583 0.000318844
         679   0.0457502   0.0489536  0.00031841
         680   0.0442496   0.0489466 0.000318017
         681   0.0523464   0.0489516 0.000317589
         682   0.0503543   0.0489537  0.00031713
         683   0.0522544   0.0489585 0.000316702
         684   0.0485977    0.048958  0.00031624
         685   0.0462103    0.048954 0.000315804
         686    0.044627   0.0489477 0.000315406
         687   0.0466424   0.0489443 0.000314965
         688    0.055299   0.0489536 0.000314643
         689   0.0405958   0.0489414  0.00031442
         690   0.0409896   0.0489299 0.000314175
         691   0.0411333   0.0489186 0.000313923
         692   0.0393633   0.0489048 0.000313773
         693   0.0501889   0.0489067 0.000313326
         694    0.047865   0.0489052 0.000312878
         695   0.0442252   0.0488984   0.0003125
         696   0.0535131   0.0489051 0.000312121
         697   0.0465459   0.0489017 0.000311692
         698   0.0388844   0.0488873 0.000311575
         699   0.0439385   0.0488802  0.00031121
         700   0.0478478   0.0488788 0.000310769
         701   0.0460454   0.0488747 0.000310352
         702   0.0473794   0.0488726 0.000309917
         703    0.052501   0.0488778 0.000309519
         704   0.0485397   0.0488773  0.00030908
         705   0.0421457   0.0488677 0.000308789
         706   0.0568812   0.0488791  0.00030856
         707   0.0583828   0.0488925 0.000308417
         708   0.0358882   0.0488742 0.000308527
         709   0.0386436   0.0488597 0.000308429
         710   0.0386667   0.0488454 0.000308329
         711   0.0416624   0.0488353 0.000308061
         712   0.0455749   0.0488307 0.000307662
         713   0.0470584   0.0488282 0.000307241
         714    0.052481   0.0488333 0.000306853
         715   0.0529234    0.048839 0.000306477
         716   0.0510956   0.0488422 0.000306065
         717   0.0461334   0.0488384 0.000305662
         718   0.0380629   0.0488234 0.000305604
         719   0.0523982   0.0488284  0.00030522
         720   0.0625119   0.0488474 0.000305387
         721   0.0558715   0.0488571 0.000305119
         722   0.0544832   0.0488649 0.000304796
         723   0.0424245    0.048856 0.000304504
         724     0.04724   0.0488538 0.000304092
         725   0.0481065   0.0488527 0.000303674
         726   0.0402213   0.0488409 0.000303488
         727   0.0466331   0.0488378 0.000303086
         728   0.0515189   0.0488415 0.000302692
         729   0.0603024   0.0488572 0.000302685
         730   0.0493086   0.0488578 0.000302271
         731   0.0556723   0.0488672 0.000302001
         732   0.0441692   0.0488607 0.000301657
         733   0.0507278   0.0488633 0.000301256
         734   0.0554528   0.0488723 0.000300979
         735   0.0561193   0.0488821 0.000300731
         736   0.0487403   0.0488819 0.000300323
         737   0.0411811   0.0488715 0.000300097
         738   0.0477648     0.04887 0.000299694
         739   0.0469034   0.0488673   0.0002993
         740   0.0424145   0.0488586 0.000299023
         741    0.041772    0.048849 0.000298772
         742   0.0423293   0.0488403 0.000298499
         743    0.035664   0.0488225 0.000298623
         744   0.0465302   0.0488194 0.000298238
         745   0.0457941   0.0488154 0.000297865
         746   0.0345465   0.0487963 0.000298079
         747   0.0374288    0.048781 0.000298069
         748   0.0481482   0.0487802 0.000297671
         749   0.0512666   0.0487835 0.000297292
         750   0.0475687   0.0487819   0.0002969
         751   0.0381841   0.0487678  0.00029684
         752   0.0373971   0.0487527  0.00029683
         753   0.0401118   0.0487412 0.000296658
         754   0.0386186   0.0487278 0.000296568
         755   0.0472559   0.0487258 0.000296182
         756   0.0727277   0.0487576 0.000297487
         757   0.0582379   0.0487701 0.000297357
         758   0.0530152   0.0487757 0.000297018
         759   0.0521654   0.0487801  0.00029666
         760   0.0513228   0.0487835 0.000296288
         761   0.0434757   0.0487765 0.000295981
         762   0.0437153   0.0487699 0.000295667
         763   0.0381329   0.0487559 0.000295608
         764   0.0504229   0.0487581 0.000295229
         765   0.0576009   0.0487697  0.00029507
         766   0.0497625    0.048771 0.000294687
         767   0.0466528   0.0487682 0.000294316
         768    0.046703   0.0487655 0.000293945
         769   0.0497549   0.0487668 0.000293566
         770   0.0507693   0.0487694 0.000293196
         771   0.0496647   0.0487706 0.000292818
         772    0.054447   0.0487779 0.000292531
         773   0.0409537   0.0487678 0.000292327
         774   0.0393195   0.0487556 0.000292205
         775   0.0456184   0.0487515 0.000291856
         776   0.0448781   0.0487466 0.000291522
         777   0.0510207   0.0487495 0.000291162
         778   0.0351867    0.048732 0.000291309
         779   0.0520026   0.0487362 0.000290965
         780   0.0503581   0.0487383 0.000290599
         781   0.0440625   0.0487323 0.000290289
         782   0.0393868   0.0487204 0.000290164
         783   0.0552083   0.0487287 0.000289911
         784   0.0427455    0.048721 0.000289642
         785   0.0463857   0.0487181 0.000289288
         786   0.0571233   0.0487288 0.000289118
         787   0.0408112   0.0487187 0.000288926
         788   0.0477463   0.0487175 0.000288562
         789   0.0502431   0.0487194 0.000288202
         790   0.0594954    0.048733  0.00028816
         791   0.0500938   0.0487348 0.000287801
         792   0.0524341   0.0487394 0.000287475
         793   0.0465064   0.0487366 0.000287127
         794   0.0575822   0.0487478 0.000286981
         795    0.055341    0.048756  0.00028674
         796   0.0507208   0.0487585  0.00028639
         797   0.0520677   0.0487627 0.000286061
         798   0.0557811   0.0487715 0.000285838
         799   0.0488396   0.0487715  0.00028548
         800   0.0526928   0.0487765 0.000285165
         801   0.0457849   0.0487727 0.000284834
         802   0.0419022   0.0487641 0.000284607
         803   0.0488134   0.0487642 0.000284253
         804   0.0422289   0.0487561 0.000284016
         805   0.0534614   0.0487619 0.000283723
         806    0.049823   0.0487632 0.000283374
         807    0.041021   0.0487537 0.000283185
         808   0.0580536   0.0487652 0.000283069
         809   0.0654392   0.0487858 0.000283468
         810   0.0549848   0.0487934 0.000283221
         811   0.0496921   0.0487945 0.000282874
         812   0.0554757   0.0488028 0.000282646
         813   0.0494884   0.0488036 0.000282299
         814   0.0571262   0.0488138 0.000282137
         815   0.0485012   0.0488134 0.000281791
         816   0.0508933    0.048816 0.000281458
         817   0.0460826   0.0488126 0.000281133
         818   0.0563744   0.0488219 0.000280941
         819   0.0598555   0.0488354 0.000280921
         820   0.0483549   0.0488348 0.000280579
         821    0.052338    0.048839  0.00028027
         822   0.0418654   0.0488306 0.000280057
         823   0.0386831   0.0488182 0.000279988
         824   0.0471433   0.0488162 0.000279656
         825   0.0545803   0.0488232 0.000279404
         826   0.0490248   0.0488234 0.000279066
         827    0.044802   0.0488186 0.000278771
         828   0.0472657   0.0488167 0.000278441
         829   0.0444404   0.0488114 0.000278155
         830   0.0428927   0.0488043 0.000277911
         831   0.0567839   0.0488139 0.000277742
         832   0.0594824   0.0488267 0.000277704
         833    0.046666   0.0488241 0.000277383
         834   0.0549641   0.0488315 0.000277148
         835   0.0409494    0.048822 0.000276977
         836   0.0492907   0.0488226 0.000276646
         837   0.0381702   0.0488099 0.000276608
         838   0.0432512   0.0488032 0.000276358
         839   0.0445082   0.0487981 0.000276076
         840   0.0414814   0.0487894 0.000275884
         841   0.0471752   0.0487875 0.000275563
         842   0.0450303    0.048783 0.000275272
         843   0.0508354   0.0487855 0.000274956
         844   0.0547899   0.0487926 0.000274722
         845   0.0610036    0.048807 0.000274777
         846   0.0563786    0.048816 0.000274598
         847   0.0709646   0.0488421 0.000275516
         848   0.0591245   0.0488542 0.000275458
         849   0.0623563   0.0488702 0.000275592
         850   0.0428598   0.0488631 0.000275359
         851   0.0405968   0.0488534 0.000275206
         852   0.0465917   0.0488507 0.000274896
         853   0.0433928   0.0488443 0.000274648
         854   0.0501956   0.0488459 0.000274331
         855   0.0488805   0.0488459  0.00027401
         856   0.0517461   0.0488493 0.000273711
         857   0.0691045    0.048873  0.00027441
         858   0.0531764    0.048878 0.000274136
         859   0.0513621   0.0488809 0.000273833
         860   0.0522477   0.0488848 0.000273542
         861   0.0558049   0.0488928 0.000273342
         862   0.0648925   0.0489114 0.000273655
         863   0.0384418   0.0488992 0.000273607
         864   0.0397518   0.0488887 0.000273495
         865   0.0426676   0.0488815 0.000273273
         866   0.0465056   0.0488787 0.000272971
         867   0.0463054   0.0488758 0.000272672
         868   0.0673368    0.048897 0.000273187
         869   0.0499051   0.0488982 0.000272875
         870   0.0409281    0.048889 0.000272715
         871   0.0525514   0.0488932 0.000272434
         872   0.0431085   0.0488866 0.000272202
         873   0.0439016   0.0488809  0.00027195
         874   0.0597332   0.0488933 0.000271923
         875   0.0451653    0.048889 0.000271645
         876   0.0501642   0.0488905 0.000271339
         877   0.0428645   0.0488836 0.000271117
         878   0.0483856   0.0488831 0.000270808
         879    0.041614   0.0488748 0.000270627
         880   0.0481225   0.0488739  0.00027032
         881   0.0538281   0.0488796 0.000270072
         882   0.0589673    0.048891 0.000270008
         883   0.0508567   0.0488932 0.000269711
         884    0.047616   0.0488918  0.00026941
         885   0.0459622   0.0488885 0.000269126
         886   0.0615904   0.0489028 0.000269204
         887   0.0609525   0.0489164 0.000269243
         888   0.0485426    0.048916  0.00026894
         889   0.0452822   0.0489119 0.000268669
         890   0.0422484   0.0489044 0.000268471
         891   0.0447188   0.0488997 0.000268211
         892   0.0454442   0.0488958 0.000267938
         893   0.0718951   0.0489216 0.000268873
         894   0.0497377   0.0489225 0.000268574
         895   0.0539616   0.0489281 0.000268333
         896   0.0620048   0.0489427  0.00026843
         897   0.0526788   0.0489469 0.000268163
         898   0.0511268   0.0489493 0.000267875
         899   0.0588424   0.0489603 0.000267803
         900   0.0585392    0.048971 0.000267717
         901   0.0590359   0.0489821 0.000267653
         902   0.0527071   0.0489863 0.000267388
         903   0.0518446   0.0489894 0.000267111
         904   0.0514431   0.0489921 0.000266829
         905   0.0680687   0.0490132 0.000267365
         906    0.064348   0.0490301 0.000267606
         907   0.0600187   0.0490423 0.000267585
         908   0.0462743   0.0490392 0.000267307
         909   0.0532437   0.0490438 0.000267053
         910   0.0561436   0.0490516 0.000266874
         911   0.0523164   0.0490552 0.000266605
         912   0.0431559   0.0490487 0.000266391
         913   0.0459814   0.0490454  0.00026612
         914   0.0403922   0.0490359 0.000265998
         915   0.0395286   0.0490255  0.00026591
         916   0.0438012   0.0490198 0.000265681
         917     0.04637   0.0490169 0.000265407
         918   0.0396472   0.0490067 0.000265314
         919   0.0503506   0.0490082 0.000265029
         920   0.0357332   0.0489938 0.000265133
         921   0.0327912   0.0489762 0.000265429
         922   0.0460597    0.048973 0.000265159
         923   0.0397492    0.048963  0.00026506
         924   0.0371877   0.0489503  0.00026508
         925    0.047455   0.0489487 0.000264798
         926   0.0588848   0.0489594 0.000264729
         927   0.0463254   0.0489565 0.000264459
         928   0.0530307   0.0489609 0.000264211
         929   0.0555138    0.048968  0.00026402
         930   0.0762863   0.0489974 0.000265366
         931   0.0394102   0.0489871  0.00026528
         932   0.0480782   0.0489861 0.000264997
         933    0.049598   0.0489867 0.000264714
         934   0.0410852   0.0489783 0.000264566
         935   0.0436722   0.0489726 0.000264344
         936   0.0445111   0.0489678 0.000264104
         937   0.0392901   0.0489575 0.000264024
         938   0.0601856   0.0489695 0.000264014
         939   0.0548919   0.0489758 0.000263808
         940     0.04865   0.0489754 0.000263528
         941   0.0557644   0.0489827 0.000263347
         942   0.0532623   0.0489872 0.000263106
         943   0.0452818   0.0489833 0.000262856
         944   0.0476863   0.0489819 0.000262582
         945   0.0434852   0.0489761 0.000262368
         946   0.0422489    0.048969 0.000262187
         947   0.0423166   0.0489619 0.000262004
         948   0.0364406   0.0489487 0.000262061
         949   0.0443549   0.0489439 0.000261829
         950   0.0515211   0.0489466 0.000261568
         951   0.0516936   0.0489495 0.000261309
         952   0.0555079   0.0489564 0.000261125
         953   0.0482343   0.0489556 0.000260852
         954   0.0592189   0.0489664   0.0002608
         955   0.0493507   0.0489668 0.000260528
         956   0.0379511   0.0489553  0.00026051
         957   0.0566067   0.0489633  0.00026036
         958   0.0581092   0.0489728 0.000260263
         959   0.0472501    0.048971 0.000259998
         960   0.0374341    0.048959 0.000260005
         961    0.040838   0.0489505 0.000259872
         962   0.0468307   0.0489483 0.000259611
         963   0.0687568   0.0489689 0.000260155
         964   0.0457381   0.0489656 0.000259907
         965   0.0396793   0.0489559 0.000259815
         966   0.0539712   0.0489611 0.000259598
         967   0.0465775   0.0489587 0.000259342
         968   0.0544831   0.0489644 0.000259136
         969   0.0478923   0.0489633 0.000258871
         970   0.0710602    0.048986 0.000259605
         971   0.0578127   0.0489951 0.000259497
         972   0.0592447   0.0490057 0.000259444
         973   0.0531692     0.04901 0.000259212
         974   0.0506386   0.0490116 0.000258952
         975   0.0519668   0.0490147 0.000258704
         976   0.0515266   0.0490172 0.000258452
         977   0.0492615   0.0490175 0.000258187
         978   0.0402415   0.0490085 0.000258079
         979   0.0461942   0.0490056 0.000257831
         980    0.045386   0.0490019 0.000257595
         981   0.0548738   0.0490079 0.000257402
         982   0.0494946   0.0490084  0.00025714
         983   0.0437004    0.049003 0.000256935
         984   0.0399806   0.0489939 0.000256838
         985   0.0468069   0.0489916 0.000256587
         986   0.0428183   0.0489854 0.000256403
         987   0.0442244   0.0489806 0.000256188
         988   0.0619164   0.0489936 0.000256263
         989   0.0397345   0.0489843 0.000256175
         990    0.050533   0.0489858 0.000255921
         991   0.0559484   0.0489929 0.000255759
         992   0.0510421   0.0489949  0.00025551
         993   0.0433094   0.0489892 0.000255317
         994   0.0605821   0.0490009 0.000255326
         995   0.0555643   0.0490075 0.000255155
         996   0.0503179   0.0490088 0.000254902
         997   0.0506183   0.0490104 0.000254651
         998   0.0453255   0.0490067 0.000254423
         999   0.0430646   0.0490008 0.000254238
        1000   0.0451659   0.0489969 0.000254012
        1001   0.0479588   0.0489959 0.000253761
        1002   0.0629904   0.0490099 0.000253892
        1003   0.0447931   0.0490057 0.000253673
        1004   0.0529064   0.0490095  0.00025345
        1005   0.0465449   0.0490071  0.00025321
        1006   0.0420853   0.0490002 0.000253052
        1007   0.0425324   0.0489938 0.000252882
        1008   0.0529997   0.0489978 0.000252662
        1009   0.0430627   0.0489919  0.00025248
        1010   0.0374714   0.0489805 0.000252488
        1011   0.0604583   0.0489918 0.000252493
        1012   0.0437442   0.0489866 0.000252297
        1013   0.0397756   0.0489775 0.000252212
        1014    0.051075   0.0489796 0.000251972
        1015    0.037505   0.0489683 0.000251977
        1016   0.0350358   0.0489546 0.000252102
        1017   0.0363482   0.0489422 0.000252158
        1018   0.0478475   0.0489411 0.000251913
        1019   0.0479349   0.0489401 0.000251668
        1020   0.0402018   0.0489316 0.000251567
        1021   0.0328601   0.0489158 0.000251812
        1022   0.0395451   0.0489067 0.000251733
        1023   0.0580068   0.0489156 0.000251644
        1024   0.0416066   0.0489084 0.000251499
        1025   0.0326003   0.0488925 0.000251757
        1026   0.0339483   0.0488779 0.000251932
        1027   0.0414583   0.0488707 0.000251791
        1028   0.0569675   0.0488786 0.000251669
        1029   0.0414207   0.0488713 0.000251529
        1030   0.0422617   0.0488649 0.000251366
        1031   0.0585197   0.0488743 0.000251297
        1032   0.0482337   0.0488737 0.000251054
        1033   0.0619315   0.0488863 0.000251129
        1034   0.0590712   0.0488962 0.000251079
        1035   0.0543632   0.0489014 0.000250892
        1036   0.0528333   0.0489052 0.000250679
        1037   0.0424741    0.048899 0.000250514
        1038   0.0498941      0.0489 0.000250274
        1039   0.0389499   0.0488904 0.000250216
        1040   0.0448911   0.0488866 0.000250005
        1041   0.0426634   0.0488806 0.000249837
        1042   0.0404248   0.0488725 0.000249729
        1043   0.0399817    0.048864 0.000249635
        1044   0.0417639   0.0488572 0.000249488
        1045   0.0534934   0.0488616 0.000249289
        1046   0.0403247   0.0488534 0.000249184
        1047   0.0477194   0.0488523 0.000248949
        1048   0.0621833   0.0488651 0.000249036
        1049   0.0592247   0.0488749 0.000248994
        1050   0.0572562   0.0488829 0.000248885
        1051   0.0446537   0.0488789 0.000248681
        1052   0.0400211   0.0488705 0.000248587
        1053    0.038227   0.0488604 0.000248556
        1054   0.0434295   0.0488552 0.000248374
        1055   0.0524717   0.0488587 0.000248162
        1056   0.0592823   0.0488685 0.000248123
        1057   0.0496231   0.0488692 0.000247889
        1058   0.0448106   0.0488654 0.000247685
        1059   0.0446931   0.0488615 0.000247482
        1060   0.0532676   0.0488656 0.000247284
        1061   0.0488837   0.0488656 0.000247051
        1062    0.047925   0.0488647  0.00024682
        1063   0.0454947   0.0488616 0.000246608
        1064     0.05448   0.0488669 0.000246432
        1065   0.0649688    0.048882 0.000246664
        1066   0.0714285   0.0489031 0.000247338
        1067   0.0489683   0.0489032 0.000247106
        1068    0.041952   0.0488967 0.000246961
        1069   0.0415226   0.0488898 0.000246826
        1070   0.0468236   0.0488879 0.000246603
        1071   0.0523969   0.0488911 0.000246394
        1072   0.0454731   0.0488879 0.000246185
        1073   0.0522931   0.0488911 0.000245976
        1074   0.0492085   0.0488914 0.000245747
        1075   0.0564123   0.0488984 0.000245618
        1076   0.0531997   0.0489024 0.000245423
        1077   0.0679336   0.0489201  0.00024583
        1078   0.0518313   0.0489228 0.000245617
        1079   0.0533693   0.0489269 0.000245424
        1080   0.0469139    0.048925 0.000245204
        1081   0.0497549   0.0489258 0.000244978
        1082   0.0483412   0.0489253 0.000244752
        1083   0.0626269   0.0489379 0.000244853
        1084   0.0672315   0.0489548 0.000245208
        1085   0.0602695   0.0489652 0.000245204
        1086   0.0654382   0.0489804 0.000245446
        1087   0.0666898   0.0489967 0.000245761
        1088   0.0526338       0.049 0.000245558
        1089   0.0540366   0.0490046 0.000245376
        1090   0.0469657   0.0490028 0.000245158
        1091   0.0510875   0.0490047  0.00024494
        1092    0.044947    0.049001 0.000244744
        1093   0.0441308   0.0489965 0.000244561
        1094   0.0425045   0.0489906 0.000244409
        1095   0.0420682   0.0489843 0.000244268
        1096   0.0398208   0.0489759 0.000244188
        1097    0.051942   0.0489786  0.00024398
        1098   0.0532229   0.0489825 0.000243789
        1099   0.0433223   0.0489773 0.000243621
        1100   0.0613358   0.0489885 0.000243659
        1101    0.059041   0.0489977 0.000243609
        1102   0.0475553   0.0489964 0.000243391
        1103   0.0493151   0.0489967 0.000243171
        1104   0.0461893   0.0489941 0.000242964
        1105   0.0465712   0.0489919 0.000242754
        1106   0.0391709    0.048983 0.000242696
        1107   0.0650065   0.0489975 0.000242908
        1108   0.0376218   0.0489872 0.000242906
        1109   0.0588729   0.0489962 0.000242851
        1110   0.0506553   0.0489977 0.000242636
        1111   0.0457168   0.0489947 0.000242436
        1112   0.0457802   0.0489918 0.000242235
        1113    0.049627   0.0489924 0.000242018
        1114   0.0494044   0.0489928 0.000241801
        1115    0.048053   0.0489919 0.000241586
        1116   0.0470375   0.0489902 0.000241376
        1117   0.0524265   0.0489932 0.000241179
        1118   0.0442953    0.048989    0.000241
        1119   0.0520799   0.0489918 0.000240801
        1120   0.0401053   0.0489839 0.000240716
        1121   0.0473978   0.0489824 0.000240506
        1122   0.0426343   0.0489768 0.000240358
        1123   0.0451292   0.0489734 0.000240168
        1124   0.0436446   0.0489686 0.000240001
        1125   0.0515236   0.0489709 0.000239799
        1126    0.043707   0.0489662 0.000239631
        1127   0.0457796   0.0489634 0.000239435
        1128   0.0456286   0.0489604 0.000239241
        1129    0.043547   0.0489556 0.000239078
        1130   0.0394168   0.0489472 0.000239015
        1131   0.0387549   0.0489382 0.000238973
        1132    0.054632   0.0489432 0.000238815
        1133   0.0502513   0.0489444 0.000238607
        1134   0.0510602   0.0489462 0.000238404
        1135    0.045815   0.0489435  0.00023821
        1136   0.0488512   0.0489434    0.000238
        1137   0.0441712   0.0489392 0.000237828
        1138   0.0475878    0.048938 0.000237622
        1139   0.0458362   0.0489353 0.000237429
        1140   0.0544251   0.0489401  0.00023727
        1141   0.0464904    0.048938 0.000237071
        1142   0.0348201   0.0489256 0.000237186
        1143   0.0513252   0.0489277 0.000236988
        1144   0.0662558   0.0489428 0.000237264
        1145   0.0570099   0.0489499 0.000237161
        1146   0.0439339   0.0489455 0.000236995
        1147   0.0633439   0.0489581 0.000237121
        1148   0.0609337   0.0489685 0.000237143
        1149   0.0531691   0.0489722 0.000236965
        1150   0.0484203   0.0489717  0.00023676
        1151   0.0438943   0.0489673 0.000236595
        1152   0.0499098   0.0489681 0.000236391
        1153   0.0439474   0.0489637 0.000236226
        1154   0.0435001    0.048959 0.000236069
        1155      0.0434   0.0489542 0.000235913
        1156   0.0429455    0.048949 0.000235767
        1157   0.0491861   0.0489492 0.000235563
        1158   0.0511111   0.0489511 0.000235367
        1159    0.049947   0.0489519 0.000235165
        1160   0.0617334   0.0489629 0.000235221
        1161   0.0558943   0.0489689 0.000235094
        1162   0.0500877   0.0489699 0.000234893
        1163    0.046625   0.0489678   0.0002347
        1164   0.0563518   0.0489742 0.000234584
        1165   0.0513902   0.0489763 0.000234392
        1166   0.0573874   0.0489835 0.000234302
        1167    0.047034   0.0489818 0.000234107
        1168   0.0356395   0.0489704 0.000234185
        1169   0.0455451   0.0489675 0.000234003
        1170   0.0442402   0.0489634 0.000233838
        1171   0.0439654   0.0489591 0.000233677
        1172   0.0438005   0.0489547 0.000233519
        1173   0.0365805   0.0489442 0.000233559
        1174   0.0486527   0.0489439  0.00023336
        1175   0.0445065   0.0489402 0.000233192
        1176   0.0533224   0.0489439 0.000233023
        1177   0.0551634   0.0489492 0.000232885
        1178   0.0367238   0.0489388 0.000232919
        1179    0.040444   0.0489316 0.000232832
        1180   0.0458213    0.048929  0.00023265
        1181   0.0433533   0.0489242 0.000232501
        1182   0.0500056   0.0489252 0.000232306
        1183   0.0615163   0.0489358 0.000232353
        1184   0.0528898   0.0489391 0.000232181
        1185   0.0464216    0.048937 0.000231995
        1186   0.0352773   0.0489255 0.000232085
        1187   0.0466272   0.0489236 0.000231898
        1188   0.0554408    0.048929 0.000231767
        1189   0.0476053   0.0489279 0.000231575
        1190   0.0427396   0.0489227 0.000231439
        1191   0.0417943   0.0489167 0.000231322
        1192    0.044816   0.0489133 0.000231153
        1193   0.0389696    0.048905  0.00023111
        1194   0.0445188   0.0489013 0.000230945
        1195   0.0444738   0.0488976 0.000230782
        1196    0.046841   0.0488959 0.000230595
        1197   0.0665886   0.0489107 0.000230876
        1198   0.0465495   0.0489087 0.000230692
        1199   0.0450897   0.0489055 0.000230521
        1200   0.0417262   0.0488995 0.000230407
        1201   0.0486614   0.0488993 0.000230215
        1202   0.0389777   0.0488911 0.000230171
        1203   0.0418323   0.0488852 0.000230055
        1204   0.0459516   0.0488828 0.000229877
        1205   0.0518386   0.0488852 0.000229699
        1206    0.055303   0.0488905  0.00022957
        1207   0.0511738   0.0488924 0.000229388
        1208   0.0479552   0.0488916 0.000229199
        1209    0.040394   0.0488846 0.000229117
        1210   0.0430169   0.0488798 0.000228979
        1211   0.0481036   0.0488791 0.000228791
        1212   0.0548182    0.048884 0.000228655
        1213   0.0407448   0.0488773 0.000228565
        1214   0.0602511   0.0488867 0.000228568
        1215   0.0557547   0.0488923  0.00022845
        1216   0.0508647    0.048894 0.000228268
        1217   0.0545128   0.0488986 0.000228127
        1218   0.0462695   0.0488964  0.00022795
        1219     0.04425   0.0488926 0.000227795
        1220   0.0407017   0.0488859 0.000227707
        1221   0.0451596   0.0488828 0.000227541
        1222   0.0492059   0.0488831 0.000227355
        1223   0.0555348   0.0488885 0.000227234
        1224   0.0604638    0.048898 0.000227245
        1225   0.0457535   0.0488954 0.000227074
        1226   0.0481464   0.0488948  0.00022689
        1227   0.0367545   0.0488849 0.000226921
        1228   0.0364073   0.0488748 0.000226963
        1229   0.0372231   0.0488653 0.000226976
        1230   0.0631605   0.0488769 0.000227089
        1231   0.0440853    0.048873 0.000226938
        1232   0.0372292   0.0488636 0.000226951
        1233   0.0353513   0.0488526 0.000227031
        1234   0.0481866   0.0488521 0.000226848
        1235   0.0387683   0.0488439 0.000226811
        1236   0.0506853   0.0488454 0.000226632
        1237   0.0407078   0.0488388 0.000226544
        1238   0.0473622   0.0488376 0.000226365
        1239   0.0548588   0.0488425 0.000226234
        1240    0.063497   0.0488543  0.00022636
        1241   0.0555941   0.0488597 0.000226243
        1242     0.04307   0.0488551 0.000226109
        1243   0.0485185   0.0488548 0.000225927
        1244   0.0475937   0.0488538 0.000225748
        1245   0.0419168   0.0488482 0.000225635
        1246    0.040358   0.0488414 0.000225557
        1247   0.0493458   0.0488418 0.000225376
        1248   0.0476075   0.0488408 0.000225198
        1249    0.039704   0.0488335 0.000225136
        1250   0.0422364   0.0488282 0.000225018
        1251   0.0655215   0.0488416 0.000225234
        1252   0.0576818   0.0488486 0.000225164
        1253   0.0561106   0.0488544 0.000225059
        1254   0.0607212   0.0488639 0.000225079
        1255   0.0394603   0.0488564 0.000225024
        1256   0.0550168   0.0488613 0.000224898
        1257   0.0467852   0.0488596 0.000224725
        1258   0.0485272   0.0488594 0.000224547
        1259   0.0423595   0.0488542 0.000224428
        1260   0.0562513   0.0488601 0.000224327
        1261   0.0433381   0.0488557 0.000224191
        1262    0.039782   0.0488485 0.000224129
        1263   0.0467246   0.0488468 0.000223958
        1264   0.0497811   0.0488476 0.000223782
        1265   0.0500398   0.0488485 0.000223607
        1266   0.0523745   0.0488513 0.000223448
        1267   0.0420241   0.0488459 0.000223336
        1268   0.0594501   0.0488543 0.000223317
        1269   0.0626507   0.0488652 0.000223405
        1270   0.0518308   0.0488675 0.000223241
        1271   0.0497789   0.0488682 0.000223067
        1272   0.0526163   0.0488712 0.000222911
        1273   0.0425523   0.0488662 0.000222791
        1274   0.0452652   0.0488634 0.000222634
        1275   0.0458445    0.048861 0.000222472
        1276   0.0465543   0.0488592 0.000222305
        1277   0.0556024   0.0488645 0.000222194
        1278   0.0393303    0.048857 0.000222145
        1279   0.0399777   0.0488501  0.00022208
        1280    0.050969   0.0488517 0.000221913
        1281    0.050389   0.0488529 0.000221743
        1282   0.0470534   0.0488515 0.000221574
        1283   0.0639982   0.0488633 0.000221716
        1284     0.03939   0.0488559 0.000221666
        1285   0.0410982   0.0488499 0.000221575
        1286    0.071147   0.0488672  0.00022208
        1287   0.0619589   0.0488774 0.000222141
        1288     0.05978   0.0488859  0.00022213
        1289   0.0455616   0.0488833 0.000221972
        1290   0.0535344   0.0488869 0.000221829
        1291   0.0547889   0.0488915 0.000221705
        1292   0.0454963   0.0488889 0.000221549
        1293   0.0419547   0.0488835 0.000221442
        1294    0.051046   0.0488852 0.000221277
        1295   0.0509169   0.0488867 0.000221112
        1296   0.0600366   0.0488953 0.000221109
        1297    0.046925   0.0488938 0.000220943
        1298     0.03729   0.0488849 0.000220954
        1299   0.0596748   0.0488932  0.00022094
        1300   0.0488794   0.0488932  0.00022077
        1301   0.0512284    0.048895 0.000220608
        1302   0.0571254   0.0489013 0.000220529
        1303   0.0509702   0.0489029 0.000220365
        1304   0.0503293    0.048904 0.000220199
        1305   0.0412899   0.0488981 0.000220108
        1306   0.0496116   0.0488987  0.00021994
        1307   0.0512299   0.0489005 0.000219779
        1308   0.0472587   0.0488992 0.000219614
        1309   0.0476662   0.0488983 0.000219448
        1310   0.0427357   0.0488936 0.000219331
        1311   0.0541657   0.0488976 0.000219201
        1312   0.0454113   0.0488949  0.00021905
        1313   0.0483085   0.0488945 0.000218884
        1314   0.0598129   0.0489028 0.000218875
        1315   0.0463292   0.0489008 0.000218717
        1316   0.0563369   0.0489065 0.000218624
        1317   0.0522918   0.0489091 0.000218473
        1318   0.0611976   0.0489184 0.000218506
        1319   0.0492296   0.0489186  0.00021834
        1320   0.0344511   0.0489077  0.00021845
        1321   0.0383004   0.0488996 0.000218432
        1322   0.0600564   0.0489081  0.00021843
        1323    0.040744   0.0489019 0.000218352
        1324   0.0452168   0.0488991 0.000218205
        1325   0.0506639   0.0489004 0.000218044
        1326   0.0506436   0.0489018 0.000217884
        1327   0.0619727   0.0489116 0.000217942
        1328   0.0566443   0.0489174 0.000217856
        1329   0.0581657   0.0489244 0.000217803
        1330   0.0539271   0.0489281 0.000217671
        1331   0.0465313   0.0489263 0.000217515
        1332   0.0430645   0.0489219 0.000217397
        1333    0.040179   0.0489154 0.000217332
        1334   0.0461073   0.0489133  0.00021718
        1335   0.0537799   0.0489169 0.000217048
        1336   0.0461097   0.0489148 0.000216895
        1337   0.0580028   0.0489216  0.00021684
        1338   0.0562264   0.0489271 0.000216746
        1339   0.0435486   0.0489231 0.000216622
        1340   0.0347482   0.0489125 0.000216718
        1341   0.0419307   0.0489073 0.000216619
        1342   0.0444189   0.0489039 0.000216483
        1343   0.0461987   0.0489019 0.000216332
        1344   0.0501777   0.0489029 0.000216173
        1345   0.0526333   0.0489056  0.00021603
        1346   0.0480466    0.048905  0.00021587
        1347   0.0470384   0.0489036 0.000215714
        1348   0.0520345   0.0489059 0.000215567
        1349   0.0589239   0.0489134 0.000215535
        1350   0.0583239   0.0489203 0.000215488
        1351   0.0464362   0.0489185 0.000215336
        1352   0.0736058   0.0489368  0.00021595
        1353    0.040447   0.0489305 0.000215881
        1354   0.0429446   0.0489261 0.000215767
        1355   0.0392379   0.0489189 0.000215726
        1356   0.0421956    0.048914 0.000215624
        1357   0.0449447    0.048911 0.000215485
        1358    0.039756   0.0489043 0.000215432
        1359   0.0500967   0.0489052 0.000215275
        1360   0.0344329   0.0488945  0.00021538
        1361   0.0421924   0.0488896 0.000215278
        1362    0.047912   0.0488889 0.000215121
        1363    0.044344   0.0488856 0.000214989
        1364   0.0429821   0.0488812 0.000214875
        1365   0.0525806   0.0488839 0.000214735
        1366   0.0391271   0.0488768 0.000214696
        1367   0.0411664   0.0488711 0.000214613
        1368    0.049949   0.0488719 0.000214458
        1369   0.0708144    0.048888 0.000214899
        1370   0.0563652   0.0488934 0.000214812
        1371   0.0367323   0.0488846 0.000214838
        1372   0.0502781   0.0488856 0.000214684
        1373   0.0575087   0.0488918 0.000214619
        1374   0.0510472   0.0488934 0.000214469
        1375   0.0614637   0.0489026 0.000214508
        1376   0.0804929   0.0489255 0.000215577
        1377   0.0406538   0.0489195 0.000215504
        1378   0.0583633   0.0489264 0.000215456
        1379   0.0506668   0.0489276 0.000215304
        1380   0.0549818    0.048932 0.000215193
        1381   0.0458834   0.0489298 0.000215048
        1382    0.050002   0.0489306 0.000214894
        1383   0.0620925   0.0489401 0.000214949
        1384   0.0548511   0.0489444 0.000214836
        1385    0.045991   0.0489422 0.000214692
        1386   0.0469861   0.0489408 0.000214541
        1387   0.0464451    0.048939 0.000214394
        1388   0.0454309   0.0489365 0.000214255
        1389   0.0492692   0.0489367 0.000214101
        1390   0.0510298   0.0489382 0.000213952
        1391   0.0400635   0.0489319 0.000213893
        1392   0.0433825   0.0489279 0.000213777
        1393   0.0379541     0.04892 0.000213768
        1394   0.0390464   0.0489129 0.000213732
        1395   0.0481746   0.0489124  0.00021358
        1396   0.0361423   0.0489032 0.000213623
        1397   0.0476592   0.0489023 0.000213471
        1398   0.0469966    0.048901 0.000213323
        1399    0.042014   0.0488961 0.000213227
        1400   0.0354911   0.0488865  0.00021329
        1401   0.0403262   0.0488804 0.000213225
        1402   0.0481666   0.0488799 0.000213074
        1403   0.0588948    0.048887 0.000213041
        1404   0.0569771   0.0488928 0.000212968
        1405   0.0469354   0.0488914 0.000212821
        1406    0.046949     0.04889 0.000212674
        1407   0.0455923   0.0488877 0.000212535
        1408   0.0402039   0.0488815 0.000212474
        1409   0.0470378   0.0488802 0.000212327
        1410   0.0594036   0.0488876 0.000212308
        1411   0.0512199   0.0488893 0.000212164
        1412    0.037048   0.0488809 0.000212179
        1413   0.0381276   0.0488733 0.000212165
        1414   0.0426286   0.0488689 0.000212061
        1415   0.0507023   0.0488702 0.000211915
        1416   0.0436689   0.0488665 0.000211798
        1417   0.0480487   0.0488659 0.000211649
        1418   0.0505094   0.0488671 0.000211503
        1419   0.0485267   0.0488668 0.000211354
        1420    0.055309   0.0488714 0.000211254
        1421   0.0532302   0.0488744 0.000211127
        1422   0.0428026   0.0488702 0.000211022
        1423   0.0424002   0.0488656 0.000210923
        1424   0.0515272   0.0488675 0.000210783
        1425   0.0341564   0.0488572 0.000210888
        1426    0.045895   0.0488551  0.00021075
        1427   0.0541301   0.0488588 0.000210635
        1428   0.0532427   0.0488619  0.00021051
        1429   0.0504385    0.048863 0.000210365
        1430   0.0625879   0.0488726 0.000210437
        1431   0.0486281   0.0488724  0.00021029
        1432   0.0434557   0.0488686 0.000210177
        1433   0.0482641   0.0488682 0.000210031
        1434   0.0534428   0.0488714 0.000209909
        1435    0.046621   0.0488698 0.000209768
        1436    0.057006   0.0488755 0.000209699
        1437   0.0558546   0.0488803 0.000209609
        1438   0.0513071    0.048882  0.00020947
        1439   0.0436906   0.0488784 0.000209355
        1440    0.062055   0.0488876  0.00020941
        1441   0.0534573   0.0488907 0.000209289
        1442    0.040544   0.0488849 0.000209224
        1443   0.0426388   0.0488806 0.000209123
        1444    0.047286   0.0488795 0.000208981
        1445   0.0487425   0.0488794 0.000208837
        1446   0.0562458   0.0488845 0.000208754
        1447   0.0456089   0.0488823 0.000208623
        1448   0.0479288   0.0488816 0.000208479
        1449    0.053895   0.0488851 0.000208364
        1450   0.0417571   0.0488801 0.000208279
        1451   0.0373422   0.0488722 0.000208287
        1452   0.0511452   0.0488738 0.000208149
        1453   0.0410927   0.0488684 0.000208075
        1454   0.0485163   0.0488682 0.000207932
        1455   0.0494879   0.0488686 0.000207789
        1456   0.0729557   0.0488851 0.000208304
        1457   0.0577624   0.0488912  0.00020825
        1458   0.0453402   0.0488888 0.000208122
        1459   0.0414395   0.0488837 0.000208042
        1460   0.0422068   0.0488791 0.000207949
        1461   0.0407585   0.0488735 0.000207881
        1462   0.0536202   0.0488768 0.000207765
        1463   0.0560972   0.0488817 0.000207681
        1464   0.0407654   0.0488762 0.000207613
        1465   0.0452558   0.0488737 0.000207486
        1466   0.0480562   0.0488732 0.000207345
        1467   0.0503747   0.0488742 0.000207207
        1468   0.0446502   0.0488713 0.000207086
        1469   0.0470396   0.0488701 0.000206948
        1470   0.0559194   0.0488748 0.000206863
        1471    0.047431   0.0488739 0.000206725
        1472   0.0418704   0.0488691 0.000206639
        1473   0.0425692   0.0488648 0.000206543
        1474   0.0471928   0.0488637 0.000206406
        1475   0.0453739   0.0488613  0.00020628
        1476   0.0470704   0.0488601 0.000206143
        1477   0.0520727   0.0488623 0.000206015
        1478   0.0495151   0.0488627 0.000205876
        1479   0.0494148   0.0488631 0.000205738
        1480   0.0494729   0.0488635 0.000205599
        1481   0.0476375   0.0488627 0.000205462
        1482    0.046947   0.0488614 0.000205327
        1483   0.0506965   0.0488626 0.000205193
        1484   0.0546402   0.0488665 0.000205091
        1485   0.0521266   0.0488687 0.000204965
        1486   0.0445594   0.0488658 0.000204847
        1487   0.0449201   0.0488632 0.000204727
        1488   0.0456424    0.048861 0.000204601
        1489   0.0469219   0.0488597 0.000204467
        1490   0.0520175   0.0488618 0.000204341
        1491   0.0371538    0.048854 0.000204355
        1492   0.0598253   0.0488613  0.00020435
        1493   0.0510353   0.0488628 0.000204219
        1494   0.0556261   0.0488673 0.000204132
        1495   0.0627638   0.0488766 0.000204207
        1496    0.046909   0.0488753 0.000204075
        1497   0.0352243   0.0488662 0.000204142
        1498   0.0521595   0.0488684 0.000204018
        1499   0.0566634   0.0488736 0.000203948
        1500   0.0495624    0.048874 0.000203812
        1501   0.0610184   0.0488821 0.000203837
        1502   0.0510946   0.0488836 0.000203707
        1503   0.0552436   0.0488878 0.000203615
        1504   0.0404774   0.0488822 0.000203557
        1505   0.0402055   0.0488765 0.000203503
        1506   0.0413459   0.0488715 0.000203429
        1507    0.038534   0.0488646  0.00020341
        1508   0.0596144   0.0488717   0.0002034
        1509   0.0563706   0.0488767 0.000203326
        1510   0.0593589   0.0488836  0.00020331
        1511   0.0583566   0.0488899 0.000203272
        1512   0.0566298    0.048895 0.000203202
        1513     0.04925   0.0488953 0.000203067
        1514   0.0463415   0.0488936  0.00020294
        1515   0.0526573   0.0488961 0.000202822
        1516   0.0485053   0.0488958 0.000202688
        1517   0.0525409   0.0488982 0.000202569
        1518   0.0459564   0.0488963 0.000202444
        1519   0.0460572   0.0488944  0.00020232
        1520   0.0468889   0.0488931 0.000202191
        1521   0.0600304   0.0489004 0.000202191
        1522   0.0424966   0.0488962 0.000202102
        1523   0.0481562   0.0488957 0.000201969
        1524   0.0544295   0.0488993  0.00020187
        1525   0.0398218   0.0488934 0.000201825
        1526   0.0487803   0.0488933 0.000201693
        1527   0.0585632   0.0488997  0.00020166
        1528   0.0603263   0.0489071 0.000201667
        1529   0.0507498   0.0489083 0.000201538
        1530   0.0433344   0.0489047 0.000201439
        1531   0.0588168   0.0489112 0.000201412
        1532   0.0488803   0.0489111  0.00020128
        1533   0.0399092   0.0489053 0.000201235
        1534   0.0491309   0.0489054 0.000201104
        1535   0.0434107   0.0489018 0.000201004
        1536   0.0416691   0.0488971 0.000200929
        1537   0.0616963   0.0489055 0.000200971
        1538    0.063136   0.0489147 0.000201053
        1539   0.0435271   0.0489112 0.000200953
        1540   0.0408444    0.048906  0.00020089
        1541   0.0506149   0.0489071 0.000200763
        1542   0.0464325   0.0489055 0.000200639
        1543   0.0356244   0.0488969 0.000200694
        1544   0.0377569   0.0488897 0.000200693
        1545   0.0355232    0.048881  0.00020075
        1546   0.0414068   0.0488762 0.000200678
        1547   0.0451089   0.0488737 0.000200563
        1548   0.0510169   0.0488751 0.000200439
        1549   0.0538422   0.0488783 0.000200335
        1550   0.0554174   0.0488825  0.00020025
        1551   0.0637256   0.0488921 0.000200349
        1552   0.0462652   0.0488904 0.000200227
        1553   0.0416954   0.0488858 0.000200152
        1554   0.0378196   0.0488787  0.00020015
        1555   0.0533448   0.0488815 0.000200042
        1556   0.0442147   0.0488785 0.000199936
        1557   0.0440562   0.0488754 0.000199831
        1558   0.0452182   0.0488731 0.000199717
        1559   0.0439133   0.0488699 0.000199614
        1560   0.0435944   0.0488665 0.000199515
        1561   0.0494813   0.0488669 0.000199387
        1562   0.0476388   0.0488661 0.000199261
        1563   0.0469613   0.0488649 0.000199138
        1564    0.041304   0.0488601 0.000199069
        1565   0.0428096   0.0488562 0.000198979
        1566   0.0561496   0.0488609 0.000198907
        1567   0.0546223   0.0488646 0.000198814
        1568   0.0465034    0.048863 0.000198693
        1569   0.0452581   0.0488608 0.000198579
        1570   0.0424225   0.0488566 0.000198495
        1571   0.0372155   0.0488492 0.000198507
        1572   0.0522041   0.0488514 0.000198392
        1573   0.0542406   0.0488548 0.000198296
        1574   0.0464913   0.0488533 0.000198175
        1575   0.0603459   0.0488606 0.000198184
        1576   0.0493664   0.0488609 0.000198058
        1577   0.0478422   0.0488603 0.000197934
        1578   0.0427703   0.0488564 0.000197846
        1579     0.04041   0.0488511 0.000197793
        1580   0.0448037   0.0488485 0.000197684
        1581    0.058899   0.0488549 0.000197662
        1582   0.0656691   0.0488655 0.000197822
        1583    0.051694   0.0488673 0.000197705
        1584   0.0447229   0.0488647 0.000197598
        1585   0.0432576   0.0488611 0.000197505
        1586   0.0394089   0.0488552  0.00019747
        1587   0.0378779   0.0488482 0.000197467
        1588   0.0404778    0.048843 0.000197413
        1589   0.0522719   0.0488451   0.0001973
        1590   0.0560917   0.0488497 0.000197229
        1591   0.0447377   0.0488471 0.000197122
        1592   0.0438969    0.048844 0.000197023
        1593   0.0465343   0.0488425 0.000196904
        1594   0.0455992   0.0488405 0.000196791
        1595   0.0601044   0.0488476 0.000196794
        1596   0.0552958   0.0488516 0.000196713
        1597   0.0492907   0.0488519  0.00019659
        1598   0.0406581   0.0488468 0.000196533
        1599   0.0456431   0.0488448 0.000196421
        1600   0.0592408   0.0488513 0.000196405
        1601   0.0569125   0.0488563 0.000196347
        1602   0.0410596   0.0488514 0.000196285
        1603   0.0458743   0.0488496 0.000196171
        1604   0.0485188   0.0488494 0.000196049
        1605   0.0488154   0.0488493 0.000195927
        1606    0.042158   0.0488452 0.000195849
        1607   0.0531004   0.0488478 0.000195745
        1608    0.051367   0.0488494  0.00019563
        1609   0.0439061   0.0488463 0.000195532
        1610    0.035812   0.0488382 0.000195579
        1611    0.033836   0.0488289 0.000195679
        1612   0.0460286   0.0488272 0.000195565
        1613   0.0656696   0.0488376 0.000195722
        1614   0.0514301   0.0488392 0.000195608
        1615   0.0591438   0.0488456 0.000195591
        1616   0.0473996   0.0488447 0.000195472
        1617   0.0516701   0.0488464 0.000195359
        1618   0.0528014   0.0488489 0.000195253
        1619   0.0472812   0.0488479 0.000195135
        1620    0.060162   0.0488549 0.000195139
        1621   0.0391859   0.0488489  0.00019511
        1622   0.0542796   0.0488523 0.000195019
        1623   0.0539795   0.0488554 0.000194924
        1624   0.0534503   0.0488583 0.000194824
        1625   0.0621976   0.0488665 0.000194877
        1626   0.0542819   0.0488698 0.000194786
        1627   0.0499781   0.0488705 0.000194668
        1628   0.0558431   0.0488748 0.000194595
        1629    0.049646   0.0488753 0.000194476
        1630   0.0631694    0.048884 0.000194555
        1631   0.0466409   0.0488826  0.00019444
        1632   0.0466223   0.0488813 0.000194326
        1633   0.0449592   0.0488789 0.000194222
        1634   0.0569826   0.0488838 0.000194166
        1635   0.0620779   0.0488919 0.000194215
        1636   0.0387446   0.0488857 0.000194195
        1637   0.0620275   0.0488937 0.000194243
        1638   0.0660515   0.0489042 0.000194406
        1639   0.0563153   0.0489087  0.00019434
        1640   0.0510685     0.04891 0.000194226
        1641   0.0601588   0.0489169 0.000194229
        1642   0.0552891   0.0489208 0.000194149
        1643   0.0411006    0.048916 0.000194089
        1644   0.0443518   0.0489132 0.000193991
        1645   0.0572273   0.0489183 0.000193939
        1646   0.0420343   0.0489141 0.000193866
        1647   0.0474781   0.0489132 0.000193751
        1648   0.0489077   0.0489132 0.000193633
        1649   0.0464364   0.0489117 0.000193521
        1650   0.0477574    0.048911 0.000193405
        1651   0.0425966   0.0489072 0.000193326
        1652   0.0429085   0.0489036 0.000193243
        1653   0.0514352   0.0489051 0.000193132
        1654   0.0505997   0.0489061 0.000193018
        1655   0.0450464   0.0489038 0.000192916
        1656   0.0429925   0.0489002 0.000192832
        1657    0.041341   0.0488957  0.00019277
        1658   0.0394262     0.04889 0.000192738
        1659   0.0451036   0.0488877 0.000192635
        1660   0.0568853   0.0488925  0.00019258
        1661   0.0547577    0.048896 0.000192496
        1662   0.0515573   0.0488976 0.000192387
        1663   0.0486212   0.0488975 0.000192271
        1664   0.0463531   0.0488959 0.000192162
        1665   0.0396836   0.0488904 0.000192126
        1666   0.0397449   0.0488849 0.000192089
        1667   0.0481628   0.0488845 0.000191974
        1668   0.0500748   0.0488852 0.000191861
        1669   0.0494839   0.0488855 0.000191746
        1670   0.0460288   0.0488838 0.000191639
        1671   0.0501462   0.0488846 0.000191526
        1672   0.0466185   0.0488832 0.000191416
        1673   0.0446063   0.0488807 0.000191319
        1674   0.0497888   0.0488812 0.000191205
        1675   0.0514825   0.0488828 0.000191097
        1676   0.0472213   0.0488818 0.000190986
        1677   0.0465482   0.0488804 0.000190877
        1678   0.0421786   0.0488764 0.000190805
        1679   0.0430289   0.0488729 0.000190723
        1680   0.0486274   0.0488728  0.00019061
        1681   0.0423176   0.0488689 0.000190536
        1682   0.0371538   0.0488619  0.00019055
        1683    0.045897   0.0488601 0.000190445
        1684   0.0405786   0.0488552 0.000190395
        1685   0.0655929   0.0488652 0.000190541
        1686   0.0424768   0.0488614 0.000190466
        1687   0.0508588   0.0488625 0.000190357
        1688   0.0574696   0.0488676 0.000190312
        1689   0.0444284    0.048865 0.000190218
        1690   0.0586343   0.0488708 0.000190193
        1691   0.0577089    0.048876 0.000190152
        1692   0.0468305   0.0488748 0.000190044
        1693   0.0528482   0.0488772 0.000189946
        1694   0.0537079     0.04888 0.000189855
        1695     0.03454   0.0488716 0.000189932
        1696   0.0394878    0.048866   0.0001899
        1697   0.0357705   0.0488583 0.000189945
        1698   0.0393755   0.0488527 0.000189915
        1699   0.0495981   0.0488532 0.000189804
        1700   0.0450437   0.0488509 0.000189706
        1701    0.055459   0.0488548 0.000189634
        1702   0.0515021   0.0488564 0.000189529
        1703    0.055211   0.0488601 0.000189454
        1704   0.0536665   0.0488629 0.000189364
        1705   0.0394491   0.0488574 0.000189334
        1706   0.0456218   0.0488555 0.000189232
        1707   0.0494108   0.0488558 0.000189121
        1708   0.0649043   0.0488652 0.000189244
        1709   0.0513352   0.0488667 0.000189139
        1710   0.0436529   0.0488636 0.000189053
        1711   0.0424134   0.0488598  0.00018898
        1712   0.0481857   0.0488594  0.00018887
        1713   0.0520716   0.0488613 0.000188769
        1714   0.0536633   0.0488641  0.00018868
        1715   0.0413667   0.0488598  0.00018862
        1716   0.0516449   0.0488614 0.000188517
        1717   0.0444764   0.0488588 0.000188425
        1718   0.0527412   0.0488611 0.000188329
        1719   0.0487077    0.048861 0.000188219
        1720   0.0486476   0.0488609  0.00018811
        1721   0.0348032   0.0488527 0.000188178
        1722    0.040904   0.0488481 0.000188125
        1723   0.0430391   0.0488447 0.000188046
        1724   0.0408551   0.0488401 0.000187994
        1725    0.057874   0.0488453 0.000187958
        1726   0.0548004   0.0488488 0.000187881
        1727   0.0532387   0.0488513 0.000187789
        1728   0.0358073   0.0488438 0.000187832
        1729   0.0492677    0.048844 0.000187724
        1730   0.0316245    0.048834 0.000187879
        1731   0.0325759   0.0488247 0.000188005
        1732   0.0385959   0.0488188 0.000187989
        1733   0.0415125   0.0488145 0.000187928
        1734   0.0504814   0.0488155 0.000187822
        1735   0.0462285    0.048814  0.00018772
        1736   0.0490747   0.0488142 0.000187612
        1737   0.0441747   0.0488115 0.000187523
        1738   0.0500482   0.0488122 0.000187416
        1739   0.0457122   0.0488104 0.000187317
        1740   0.0554754   0.0488142 0.000187248
        1741   0.0597039   0.0488205 0.000187245
        1742   0.0570118   0.0488252 0.000187197
        1743   0.0428516   0.0488218 0.000187121
        1744    0.043884   0.0488189 0.000187035
        1745   0.0568111   0.0488235 0.000186984
        1746   0.0527618   0.0488258  0.00018689
        1747   0.0481809   0.0488254 0.000186784
        1748   0.0452364   0.0488234 0.000186688
        1749   0.0398447   0.0488182 0.000186652
        1750   0.0520158     0.04882 0.000186554
        1751   0.0519805   0.0488219 0.000186456
        1752   0.0449033   0.0488196 0.000186363
        1753   0.0415342   0.0488155 0.000186303
        1754   0.0489004   0.0488155 0.000186197
        1755   0.0529544   0.0488179 0.000186106
        1756   0.0425402   0.0488143 0.000186034
        1757   0.0478936   0.0488138 0.000185929
        1758   0.0538179   0.0488166 0.000185845
        1759   0.0567084   0.0488211 0.000185794
        1760   0.0427639   0.0488177  0.00018572
        1761   0.0416892   0.0488136 0.000185659
        1762   0.0388992    0.048808 0.000185638
        1763    0.038728   0.0488023 0.000185621
        1764   0.0415435   0.0487982 0.000185562
        1765   0.0401482   0.0487933 0.000185521
        1766   0.0503421   0.0487941 0.000185418
        1767   0.0434193   0.0487911 0.000185338
        1768   0.0493743   0.0487914 0.000185234
        1769   0.0533606    0.048794 0.000185147
        1770   0.0506984   0.0487951 0.000185045
        1771   0.0414898    0.048791 0.000184987
        1772   0.0435731    0.048788 0.000184906
        1773   0.0487303    0.048788 0.000184802
        1774   0.0599671   0.0487943 0.000184805
        1775   0.0532782   0.0487968 0.000184718
        1776   0.0569661   0.0488014 0.000184671
        1777   0.0584916   0.0488069 0.000184648
        1778    0.052551    0.048809 0.000184556
        1779   0.0543247   0.0488121 0.000184478
        1780   0.0476597   0.0488114 0.000184376
        1781    0.048048    0.048811 0.000184273
        1782   0.0550083   0.0488145 0.000184202
        1783   0.0613359   0.0488215 0.000184233
        1784   0.0440095   0.0488188 0.000184149
        1785   0.0523907   0.0488208 0.000184057
        1786   0.0539403   0.0488237 0.000183976
        1787   0.0517405   0.0488253 0.000183881
        1788   0.0496777   0.0488258 0.000183778
        1789    0.046476   0.0488245  0.00018368
        1790   0.0428397   0.0488211 0.000183608
        1791   0.0526557   0.0488232 0.000183518
        1792    0.048815   0.0488232 0.000183416
        1793   0.0463769   0.0488219 0.000183318
        1794    0.052187   0.0488238 0.000183226
        1795   0.0499696   0.0488244 0.000183125
        1796   0.0387883   0.0488188 0.000183108
        1797   0.0453849   0.0488169 0.000183016
        1798   0.0539555   0.0488198 0.000182937
        1799   0.0535178   0.0488224 0.000182854
        1800   0.0388852   0.0488168 0.000182835
        1801   0.0483766   0.0488166 0.000182734
        1802   0.0619819   0.0488239 0.000182779
        1803   0.0541092   0.0488268 0.000182701
        1804   0.0521675   0.0488287 0.000182609
        1805    0.040858   0.0488243 0.000182561
        1806   0.0486952   0.0488242  0.00018246
        1807   0.0419673   0.0488204 0.000182399
        1808   0.0525589   0.0488225 0.000182309
        1809   0.0478906    0.048822 0.000182209
        1810   0.0412855   0.0488178 0.000182156
        1811   0.0488243   0.0488178 0.000182056
        1812   0.0516066   0.0488193 0.000181962
        1813   0.0531763   0.0488217 0.000181877
        1814   0.0573814   0.0488265 0.000181838
        1815   0.0467911   0.0488253 0.000181741
        1816    0.048806   0.0488253 0.000181641
        1817    0.048915   0.0488254 0.000181541
        1818   0.0520018   0.0488271  0.00018145
        1819   0.0600004   0.0488333 0.000181454
        1820   0.0524887   0.0488353 0.000181365
        1821   0.0529669   0.0488375  0.00018128
        1822   0.0500595   0.0488382 0.000181182
        1823   0.0580758   0.0488433 0.000181153
        1824    0.039634   0.0488382 0.000181124
        1825   0.0420943   0.0488345 0.000181063
        1826   0.0449738   0.0488324 0.000180976
        1827   0.0534254   0.0488349 0.000180894
        1828   0.0422366   0.0488313 0.000180831
        1829   0.0528681   0.0488335 0.000180746
        1830   0.0401292   0.0488288  0.00018071
        1831   0.0407272   0.0488244 0.000180665
        1832   0.0421518   0.0488207 0.000180603
        1833   0.0496137   0.0488211 0.000180505
        1834   0.0441695   0.0488186 0.000180425
        1835   0.0569435    0.048823 0.000180381
        1836   0.0664747   0.0488327 0.000180539
        1837   0.0424131   0.0488292 0.000180474
        1838   0.0499117   0.0488297 0.000180377
        1839   0.0453312   0.0488278 0.000180289
        1840   0.0446045   0.0488255 0.000180205
        1841   0.0517204   0.0488271 0.000180114
        1842   0.0389718   0.0488218 0.000180096
        1843   0.0332487   0.0488133 0.000180196
        1844    0.042315   0.0488098 0.000180133
        1845    0.056822   0.0488141 0.000180088
        1846   0.0560718   0.0488181 0.000180033
        1847   0.0609886   0.0488247 0.000180056
        1848   0.0542961   0.0488276 0.000179983
        1849    0.050056   0.0488283 0.000179887
        1850   0.0455247   0.0488265 0.000179799
        1851   0.0519115   0.0488282 0.000179709
        1852   0.0385268   0.0488226 0.000179698
        1853   0.0493144   0.0488229 0.000179602
        1854   0.0540181   0.0488257 0.000179527
        1855   0.0448919   0.0488236 0.000179442
        1856   0.0429413   0.0488204 0.000179374
        1857   0.0516318   0.0488219 0.000179283
        1858    0.052583   0.0488239 0.000179198
        1859   0.0484795   0.0488237 0.000179102
        1860   0.0562528   0.0488277  0.00017905
        1861   0.0441067   0.0488252 0.000178972
        1862   0.0443001   0.0488228 0.000178892
        1863   0.0555721   0.0488264 0.000178833
        1864   0.0563384   0.0488304 0.000178783
        1865   0.0743384   0.0488441 0.000179209
        1866   0.0469714   0.0488431 0.000179116
        1867   0.0495906   0.0488435  0.00017902
        1868   0.0645589   0.0488519 0.000179122
        1869   0.0455301   0.0488501 0.000179035
        1870   0.0433539   0.0488472 0.000178963
        1871   0.0419905   0.0488435 0.000178905
        1872    0.040657   0.0488391 0.000178863
        1873   0.0487731   0.0488391 0.000178768
        1874   0.0425373   0.0488357 0.000178704
        1875   0.0569456   0.0488401 0.000178661
        1876   0.0552627   0.0488435 0.000178599
        1877   0.0451896   0.0488416 0.000178514
        1878   0.0530557   0.0488438 0.000178433
        1879   0.0564575   0.0488478 0.000178384
        1880   0.0523621   0.0488497 0.000178299
        1881   0.0465973   0.0488485 0.000178208
        1882    0.065634   0.0488574 0.000178337
        1883   0.0438573   0.0488548 0.000178262
        1884   0.0460306   0.0488533 0.000178173
        1885   0.0432046   0.0488503 0.000178104
        1886   0.0507133   0.0488513 0.000178012
        1887   0.0424029   0.0488479 0.000177951
        1888   0.0456984   0.0488462 0.000177864
        1889   0.0631867   0.0488538 0.000177932
        1890   0.0430002   0.0488507 0.000177865
        1891   0.0433968   0.0488478 0.000177794
        1892   0.0399422   0.0488431 0.000177763
        1893   0.0429179     0.04884 0.000177696
        1894   0.0461919   0.0488386 0.000177608
        1895   0.0444465   0.0488362 0.000177529
        1896   0.0458365   0.0488347 0.000177443
        1897    0.051987   0.0488363 0.000177357
        1898   0.0624915   0.0488435 0.000177409
        1899   0.0623362   0.0488506 0.000177458
        1900   0.0465184   0.0488494 0.000177369
        1901   0.0553535   0.0488528 0.000177309
        1902    0.056762    0.048857 0.000177264
        1903   0.0451133    0.048855 0.000177182
        1904   0.0416935   0.0488512 0.000177129
        1905   0.0379797   0.0488455 0.000177128
        1906   0.0432088   0.0488426  0.00017706
        1907   0.0528048   0.0488447 0.000176979
        1908   0.0489727   0.0488447 0.000176886
        1909   0.0426303   0.0488415 0.000176823
        1910   0.0450671   0.0488395 0.000176742
        1911   0.0421441    0.048836 0.000176684
        1912   0.0486774   0.0488359 0.000176592
        1913   0.0491425   0.0488361   0.0001765
        1914   0.0424367   0.0488327 0.000176439
        1915   0.0464173   0.0488315 0.000176351
        1916   0.0540378   0.0488342  0.00017628
        1917   0.0474864   0.0488335  0.00017619
        1918   0.0424628   0.0488302 0.000176129
        1919   0.0437263   0.0488275 0.000176057
        1920   0.0391236   0.0488224 0.000176038
        1921   0.0498499    0.048823 0.000175947
        1922   0.0539145   0.0488256 0.000175876
        1923   0.0384928   0.0488203 0.000175866
        1924   0.0551325   0.0488235 0.000175806
        1925   0.0488416   0.0488235 0.000175714
        1926   0.0361686    0.048817 0.000175746
        1927   0.0327232   0.0488086 0.000175853
        1928   0.0347215   0.0488013 0.000175914
        1929    0.038338   0.0487959 0.000175906
        1930   0.0406609   0.0487917 0.000175865
        1931   0.0475998   0.0487911 0.000175775
        1932   0.0548981   0.0487942 0.000175713
        1933   0.0436846   0.0487916 0.000175642
        1934   0.0568375   0.0487957   0.0001756
        1935   0.0478569   0.0487953  0.00017551
        1936   0.0565298   0.0487992 0.000175465
        1937   0.0705851   0.0488105 0.000175734
        1938   0.0716857   0.0488223  0.00017604
        1939   0.0681349   0.0488323  0.00017623
        1940   0.0601563   0.0488381 0.000176236
        1941   0.0550972   0.0488413 0.000176175
        1942   0.0560058    0.048845 0.000176123
        1943   0.0439165   0.0488425  0.00017605
        1944   0.0502803   0.0488432 0.000175961
        1945   0.0405467   0.0488389 0.000175923
        1946   0.0395181   0.0488342 0.000175897
        1947   0.0420281   0.0488307 0.000175842
        1948   0.0544711   0.0488336 0.000175775
        1949    0.069032   0.0488439  0.00017599
        1950   0.0427738   0.0488408 0.000175928
        1951   0.0555577   0.0488443 0.000175871
        1952   0.0447785   0.0488422 0.000175793
        1953   0.0705936   0.0488533 0.000176056
        1954   0.0556254   0.0488568    0.000176
        1955   0.0524473   0.0488586  0.00017592
        1956   0.0375563   0.0488528 0.000175924
        1957   0.0470328   0.0488519 0.000175837
        1958   0.0339614   0.0488443 0.000175912
        1959   0.0321409   0.0488358 0.000176028
        1960   0.0365451   0.0488295  0.00017605
        1961   0.0322994   0.0488211 0.000176162
        1962   0.0387856    0.048816 0.000176147
        1963    0.042871   0.0488129 0.000176083
        1964    0.041401   0.0488092 0.000176034
        1965   0.0467587   0.0488081 0.000175947
        1966   0.0503455   0.0488089 0.000175859
        1967    0.054217   0.0488116 0.000175791
        1968   0.0549302   0.0488147  0.00017573
        1969   0.0389353   0.0488097 0.000175712
        1970   0.0406448   0.0488056 0.000175672
        1971   0.0546766   0.0488086 0.000175608
        1972   0.0424162   0.0488053 0.000175549
        1973   0.0453618   0.0488036 0.000175468
        1974   0.0529292   0.0488057 0.000175392
        1975   0.0422483   0.0488023 0.000175335
        1976   0.0490248   0.0488025 0.000175246
        1977   0.0445779   0.0488003  0.00017517
        1978   0.0508816   0.0488014 0.000175085
        1979   0.0522971   0.0488031 0.000175005
        1980   0.0598271   0.0488087 0.000175005
        1981   0.0541293   0.0488114 0.000174938
        1982   0.0537332   0.0488139 0.000174867
        1983   0.0750972   0.0488271  0.00017528
        1984    0.063389   0.0488345 0.000175346
        1985   0.0540034   0.0488371 0.000175277
        1986   0.0449156   0.0488351   0.0001752
        1987   0.0435477   0.0488324 0.000175132
        1988   0.0521811   0.0488341 0.000175052
        1989    0.050979   0.0488352 0.000174967
        1990   0.0550635   0.0488383 0.000174907
        1991   0.0487396   0.0488383 0.000174819
        1992   0.0464685   0.0488371 0.000174735
        1993   0.0490611   0.0488372 0.000174648
        1994   0.0643986    0.048845 0.000174734
        1995   0.0735522   0.0488574 0.000175085
        1996   0.0573931   0.0488617  0.00017505
        1997    0.048323   0.0488614 0.000174962
        1998    0.038472   0.0488562 0.000174952
        1999   0.0399341   0.0488517 0.000174921
        2000   0.0428486   0.0488487  0.00017486
